202
201 202
374
51 167 1
84 107 1
67 128 1
59 131 1
98 199 1
6 114 1
58 123 1
15 130 1
51 146 1
49 180 1
48 191 1
65 188 1
64 169 1
29 195 1
79 130 1
62 106 1
9 132 1
35 155 1
44 163 1
12 131 1
44 189 1
15 170 1
31 181 1
50 133 1
30 199 1
74 186 1
35 172 1
2 117 1
60 184 1
89 194 1
85 157 1
90 151 1
91 163 1
23 130 1
42 103 1
34 200 1
10 191 1
35 165 1
59 183 1
12 128 1
80 158 1
83 149 1
79 165 1
23 131 1
58 141 1
49 134 1
72 194 1
52 196 1
59 188 1
31 179 1
25 200 1
29 173 1
48 108 1
60 128 1
67 182 1
5 131 1
53 126 1
96 190 1
50 139 1
82 172 1
11 159 1
85 129 1
55 105 1
47 191 1
77 134 1
9 162 1
16 159 1
2 172 1
94 132 1
80 153 1
86 103 1
94 169 1
65 139 1
1 199 1
73 183 1
26 139 1
94 126 1
54 155 1
25 192 1
54 176 1
13 153 1
91 142 1
87 121 1
6 116 1
2 111 1
61 155 1
75 127 1
90 124 1
99 185 1
3 125 1
40 143 1
69 122 1
43 142 1
16 183 1
96 161 1
8 180 1
2 133 1
6 103 1
22 155 1
9 144 1
18 165 1
85 147 1
83 163 1
80 134 1
36 184 1
42 167 1
84 187 1
52 135 1
81 108 1
8 187 1
74 156 1
71 160 1
13 185 1
30 123 1
99 153 1
80 181 1
97 171 1
85 168 1
13 111 1
14 188 1
1 121 1
48 101 1
99 151 1
25 153 1
54 174 1
14 173 1
33 175 1
10 151 1
6 115 1
34 115 1
1 176 1
15 131 1
14 153 1
61 186 1
1 120 1
55 181 1
34 155 1
32 106 1
60 126 1
77 107 1
95 127 1
43 174 1
83 157 1
95 186 1
85 200 1
37 158 1
64 191 1
86 200 1
95 144 1
96 171 1
44 200 1
68 192 1
88 186 1
92 193 1
29 128 1
79 135 1
59 107 1
57 167 1
45 132 1
89 116 1
61 135 1
16 165 1
99 144 1
56 149 1
92 101 1
51 191 1
55 197 1
77 121 1
58 124 1
21 186 1
32 176 1
4 109 1
18 161 1
1 126 1
99 121 1
61 119 1
90 134 1
24 146 1
92 196 1
83 107 1
88 164 1
100 104 1
59 128 1
80 178 1
38 192 1
88 120 1
48 180 1
33 159 1
90 125 1
37 176 1
86 112 1
67 192 1
1 164 1
81 131 1
16 154 1
9 102 1
78 102 1
7 173 1
41 167 1
64 143 1
128 202 1
129 202 1
130 202 1
131 202 1
132 202 1
133 202 1
134 202 1
135 202 1
139 202 1
141 202 1
142 202 1
143 202 1
144 202 1
146 202 1
147 202 1
149 202 1
151 202 1
153 202 1
154 202 1
155 202 1
156 202 1
157 202 1
158 202 1
159 202 1
160 202 1
161 202 1
162 202 1
163 202 1
164 202 1
165 202 1
167 202 1
168 202 1
169 202 1
170 202 1
171 202 1
172 202 1
173 202 1
174 202 1
175 202 1
176 202 1
178 202 1
179 202 1
180 202 1
181 202 1
182 202 1
183 202 1
184 202 1
185 202 1
186 202 1
187 202 1
188 202 1
189 202 1
190 202 1
191 202 1
192 202 1
193 202 1
194 202 1
195 202 1
196 202 1
197 202 1
199 202 1
200 202 1
101 202 1
102 202 1
103 202 1
104 202 1
105 202 1
106 202 1
107 202 1
108 202 1
109 202 1
111 202 1
112 202 1
114 202 1
115 202 1
116 202 1
117 202 1
119 202 1
120 202 1
121 202 1
122 202 1
123 202 1
124 202 1
125 202 1
126 202 1
127 202 1
201 1 1
201 2 1
201 3 1
201 4 1
201 5 1
201 6 1
201 7 1
201 8 1
201 9 1
201 10 1
201 11 1
201 12 1
201 13 1
201 14 1
201 15 1
201 16 1
201 18 1
201 21 1
201 22 1
201 23 1
201 24 1
201 25 1
201 26 1
201 29 1
201 30 1
201 31 1
201 32 1
201 33 1
201 34 1
201 35 1
201 36 1
201 37 1
201 38 1
201 40 1
201 41 1
201 42 1
201 43 1
201 44 1
201 45 1
201 47 1
201 48 1
201 49 1
201 50 1
201 51 1
201 52 1
201 53 1
201 54 1
201 55 1
201 56 1
201 57 1
201 58 1
201 59 1
201 60 1
201 61 1
201 62 1
201 64 1
201 65 1
201 67 1
201 68 1
201 69 1
201 71 1
201 72 1
201 73 1
201 74 1
201 75 1
201 77 1
201 78 1
201 79 1
201 80 1
201 81 1
201 82 1
201 83 1
201 84 1
201 85 1
201 86 1
201 87 1
201 88 1
201 89 1
201 90 1
201 91 1
201 92 1
201 94 1
201 95 1
201 96 1
201 97 1
201 98 1
201 99 1
201 100 1
