202
201 202
376
67 117 1
75 104 1
6 172 1
42 193 1
76 139 1
5 164 1
20 195 1
94 111 1
52 135 1
51 119 1
78 188 1
84 173 1
79 166 1
72 122 1
67 149 1
46 137 1
14 189 1
52 185 1
21 147 1
23 184 1
10 185 1
16 111 1
48 185 1
4 109 1
53 166 1
44 172 1
16 106 1
93 105 1
11 180 1
75 144 1
5 129 1
60 111 1
46 102 1
9 112 1
56 147 1
44 154 1
16 151 1
88 135 1
54 157 1
74 107 1
85 166 1
65 135 1
98 144 1
55 155 1
38 177 1
89 169 1
47 182 1
64 177 1
33 127 1
85 112 1
12 165 1
25 132 1
73 180 1
62 165 1
6 171 1
8 141 1
67 187 1
53 159 1
44 118 1
82 195 1
16 107 1
74 120 1
18 178 1
16 198 1
67 121 1
86 122 1
64 144 1
83 148 1
32 157 1
92 165 1
18 157 1
14 149 1
97 134 1
49 198 1
58 139 1
26 116 1
87 135 1
68 150 1
44 197 1
4 166 1
21 117 1
57 150 1
81 143 1
91 159 1
89 142 1
28 123 1
37 192 1
58 200 1
82 130 1
26 167 1
79 143 1
27 150 1
49 186 1
33 182 1
51 113 1
96 146 1
98 185 1
89 160 1
11 153 1
31 186 1
50 154 1
3 148 1
56 152 1
42 104 1
6 109 1
83 163 1
46 144 1
53 116 1
2 142 1
54 172 1
86 172 1
97 171 1
79 107 1
30 138 1
95 170 1
56 190 1
71 104 1
2 173 1
58 106 1
28 179 1
37 181 1
14 166 1
5 189 1
71 133 1
41 166 1
71 153 1
18 183 1
9 166 1
34 101 1
87 113 1
39 190 1
74 195 1
12 140 1
86 168 1
87 197 1
43 123 1
58 118 1
53 139 1
82 140 1
27 181 1
77 199 1
25 110 1
82 116 1
31 185 1
85 176 1
30 121 1
73 115 1
12 104 1
4 177 1
7 180 1
45 113 1
53 179 1
45 148 1
27 168 1
5 152 1
83 188 1
66 171 1
89 152 1
93 129 1
94 149 1
17 190 1
27 119 1
47 174 1
23 150 1
31 177 1
29 111 1
30 102 1
65 182 1
99 192 1
26 194 1
25 133 1
52 199 1
91 185 1
9 172 1
15 162 1
13 126 1
77 166 1
32 192 1
5 162 1
5 148 1
79 197 1
46 146 1
81 172 1
54 160 1
60 196 1
85 135 1
17 182 1
99 195 1
40 142 1
53 196 1
27 162 1
36 188 1
73 129 1
73 161 1
94 155 1
24 184 1
21 172 1
60 110 1
11 137 1
22 143 1
129 202 1
130 202 1
132 202 1
133 202 1
134 202 1
135 202 1
137 202 1
138 202 1
139 202 1
140 202 1
141 202 1
142 202 1
143 202 1
144 202 1
146 202 1
147 202 1
148 202 1
149 202 1
150 202 1
151 202 1
152 202 1
153 202 1
154 202 1
155 202 1
157 202 1
159 202 1
160 202 1
161 202 1
162 202 1
163 202 1
164 202 1
165 202 1
166 202 1
167 202 1
168 202 1
169 202 1
170 202 1
171 202 1
172 202 1
173 202 1
174 202 1
176 202 1
177 202 1
178 202 1
179 202 1
180 202 1
181 202 1
182 202 1
183 202 1
184 202 1
185 202 1
186 202 1
187 202 1
188 202 1
189 202 1
190 202 1
192 202 1
193 202 1
194 202 1
195 202 1
196 202 1
197 202 1
198 202 1
199 202 1
200 202 1
101 202 1
102 202 1
104 202 1
105 202 1
106 202 1
107 202 1
109 202 1
110 202 1
111 202 1
112 202 1
113 202 1
115 202 1
116 202 1
117 202 1
118 202 1
119 202 1
120 202 1
121 202 1
122 202 1
123 202 1
126 202 1
127 202 1
201 2 1
201 3 1
201 4 1
201 5 1
201 6 1
201 7 1
201 8 1
201 9 1
201 10 1
201 11 1
201 12 1
201 13 1
201 14 1
201 15 1
201 16 1
201 17 1
201 18 1
201 20 1
201 21 1
201 22 1
201 23 1
201 24 1
201 25 1
201 26 1
201 27 1
201 28 1
201 29 1
201 30 1
201 31 1
201 32 1
201 33 1
201 34 1
201 36 1
201 37 1
201 38 1
201 39 1
201 40 1
201 41 1
201 42 1
201 43 1
201 44 1
201 45 1
201 46 1
201 47 1
201 48 1
201 49 1
201 50 1
201 51 1
201 52 1
201 53 1
201 54 1
201 55 1
201 56 1
201 57 1
201 58 1
201 60 1
201 62 1
201 64 1
201 65 1
201 66 1
201 67 1
201 68 1
201 71 1
201 72 1
201 73 1
201 74 1
201 75 1
201 76 1
201 77 1
201 78 1
201 79 1
201 81 1
201 82 1
201 83 1
201 84 1
201 85 1
201 86 1
201 87 1
201 88 1
201 89 1
201 91 1
201 92 1
201 93 1
201 94 1
201 95 1
201 96 1
201 97 1
201 98 1
201 99 1
