42
41 42
74
1 22 1
1 36 1
1 39 1
1 34 1
2 27 1
3 37 1
4 26 1
4 34 1
4 37 1
5 26 1
6 32 1
6 37 1
6 36 1
6 27 1
7 36 1
7 40 1
8 39 1
8 34 1
8 31 1
8 30 1
9 30 1
10 35 1
10 40 1
11 40 1
11 32 1
11 25 1
12 37 1
13 35 1
14 30 1
14 25 1
15 25 1
16 40 1
16 28 1
17 36 1
17 24 1
17 31 1
17 30 1
19 27 1
20 37 1
20 24 1
22 42 1
24 42 1
25 42 1
26 42 1
27 42 1
28 42 1
30 42 1
31 42 1
32 42 1
34 42 1
35 42 1
36 42 1
37 42 1
39 42 1
40 42 1
41 1 1
41 2 1
41 3 1
41 4 1
41 5 1
41 6 1
41 7 1
41 8 1
41 9 1
41 10 1
41 11 1
41 12 1
41 13 1
41 14 1
41 15 1
41 16 1
41 17 1
41 19 1
41 20 1
