502
501 502
930
67 397 1
74 484 1
99 430 1
6 476 1
91 380 1
9 443 1
178 287 1
241 373 1
51 381 1
52 485 1
170 396 1
194 448 1
205 448 1
207 292 1
127 274 1
48 457 1
74 489 1
42 411 1
114 430 1
233 295 1
248 474 1
50 442 1
182 451 1
20 468 1
244 268 1
202 471 1
229 392 1
17 304 1
225 411 1
118 271 1
33 295 1
237 288 1
173 410 1
40 256 1
108 413 1
92 360 1
203 304 1
88 494 1
38 256 1
146 342 1
155 428 1
100 495 1
164 268 1
105 455 1
136 272 1
49 343 1
85 367 1
169 304 1
97 331 1
17 257 1
116 323 1
213 364 1
11 390 1
13 390 1
77 481 1
9 321 1
208 481 1
55 471 1
233 379 1
153 342 1
138 412 1
14 423 1
153 367 1
47 374 1
8 262 1
208 266 1
80 339 1
50 358 1
1 310 1
206 340 1
192 474 1
21 463 1
171 273 1
117 340 1
127 475 1
59 409 1
195 439 1
87 307 1
87 453 1
241 356 1
66 438 1
31 346 1
232 316 1
56 311 1
26 261 1
95 361 1
138 259 1
31 453 1
204 324 1
144 441 1
23 308 1
176 427 1
21 483 1
66 391 1
16 291 1
143 408 1
166 345 1
215 293 1
76 375 1
122 358 1
29 453 1
166 487 1
174 491 1
131 460 1
184 452 1
128 329 1
25 500 1
8 459 1
103 450 1
226 378 1
35 303 1
11 469 1
87 314 1
11 376 1
49 301 1
12 404 1
214 450 1
57 364 1
113 498 1
136 422 1
185 316 1
194 462 1
212 267 1
197 336 1
236 303 1
185 290 1
109 451 1
221 414 1
237 277 1
18 409 1
117 307 1
211 379 1
206 313 1
51 495 1
192 366 1
2 464 1
151 476 1
114 313 1
164 462 1
120 366 1
57 405 1
141 265 1
117 313 1
211 261 1
184 462 1
37 284 1
126 376 1
47 486 1
139 475 1
63 390 1
2 274 1
233 294 1
234 466 1
214 480 1
231 398 1
249 382 1
28 362 1
191 315 1
204 298 1
27 390 1
114 467 1
135 265 1
77 396 1
105 289 1
89 435 1
136 397 1
9 275 1
141 259 1
172 459 1
76 422 1
60 428 1
213 355 1
165 420 1
216 338 1
94 352 1
199 353 1
154 466 1
11 353 1
210 266 1
64 442 1
12 278 1
60 254 1
68 435 1
56 337 1
106 274 1
211 458 1
73 314 1
94 384 1
228 292 1
206 317 1
152 420 1
91 366 1
78 294 1
162 455 1
91 331 1
67 449 1
121 311 1
202 496 1
115 350 1
6 269 1
141 301 1
24 462 1
194 475 1
118 485 1
69 392 1
191 442 1
98 343 1
29 279 1
228 392 1
235 430 1
146 489 1
51 472 1
102 392 1
123 314 1
221 287 1
32 495 1
200 321 1
33 339 1
154 384 1
183 424 1
190 452 1
242 305 1
105 285 1
138 292 1
21 390 1
122 400 1
156 297 1
126 268 1
245 498 1
30 454 1
69 434 1
88 472 1
219 397 1
32 482 1
70 368 1
121 279 1
203 306 1
172 251 1
134 476 1
238 404 1
114 447 1
226 298 1
136 483 1
137 484 1
88 424 1
95 278 1
225 391 1
178 334 1
98 422 1
36 276 1
66 383 1
249 253 1
151 334 1
134 451 1
181 321 1
26 475 1
241 488 1
178 369 1
241 329 1
171 278 1
91 310 1
68 498 1
23 432 1
14 359 1
155 382 1
16 484 1
147 362 1
179 449 1
70 283 1
216 306 1
91 277 1
14 371 1
228 441 1
143 311 1
85 390 1
119 257 1
244 443 1
20 476 1
205 287 1
199 265 1
77 451 1
134 492 1
97 351 1
114 295 1
9 253 1
124 440 1
113 302 1
9 466 1
165 267 1
124 335 1
233 403 1
240 405 1
76 389 1
226 289 1
30 374 1
131 417 1
187 410 1
172 393 1
76 388 1
51 428 1
120 326 1
22 441 1
134 394 1
184 269 1
207 500 1
220 430 1
58 468 1
189 363 1
46 410 1
211 313 1
192 440 1
45 317 1
58 321 1
113 264 1
87 325 1
139 456 1
29 254 1
164 320 1
146 482 1
49 496 1
203 325 1
160 474 1
222 305 1
46 301 1
141 463 1
191 266 1
236 347 1
38 322 1
182 489 1
196 466 1
218 409 1
139 388 1
182 274 1
36 450 1
172 435 1
156 421 1
27 307 1
32 259 1
67 321 1
53 471 1
167 261 1
199 497 1
246 440 1
96 410 1
213 269 1
149 392 1
165 313 1
76 324 1
53 496 1
64 483 1
205 412 1
232 314 1
239 475 1
209 382 1
133 471 1
107 437 1
199 350 1
52 426 1
86 420 1
190 401 1
108 488 1
1 346 1
39 454 1
188 312 1
79 453 1
69 317 1
246 325 1
71 490 1
134 325 1
207 263 1
227 286 1
42 301 1
2 489 1
152 400 1
91 323 1
186 326 1
55 440 1
22 360 1
47 384 1
176 322 1
175 464 1
96 341 1
227 332 1
77 494 1
76 460 1
84 324 1
141 263 1
5 394 1
114 334 1
246 400 1
169 415 1
56 430 1
10 468 1
210 398 1
72 484 1
109 340 1
234 467 1
87 341 1
237 303 1
140 286 1
222 303 1
247 356 1
190 394 1
52 306 1
86 279 1
80 294 1
136 467 1
110 477 1
2 492 1
78 300 1
18 266 1
59 495 1
55 498 1
7 256 1
146 488 1
188 422 1
187 400 1
71 335 1
133 416 1
76 279 1
231 361 1
27 304 1
15 484 1
54 268 1
249 478 1
101 442 1
216 420 1
250 414 1
213 476 1
231 426 1
32 465 1
112 356 1
142 475 1
134 284 1
164 458 1
19 281 1
118 301 1
132 370 1
9 294 1
53 347 1
123 308 1
193 430 1
31 271 1
225 258 1
124 382 1
153 308 1
70 306 1
179 264 1
97 309 1
141 330 1
175 329 1
64 361 1
25 383 1
47 263 1
121 347 1
148 299 1
207 482 1
53 485 1
47 279 1
169 487 1
107 359 1
157 371 1
90 461 1
89 437 1
121 460 1
224 258 1
181 458 1
126 403 1
241 341 1
180 285 1
124 415 1
10 274 1
119 411 1
49 331 1
9 328 1
71 368 1
228 430 1
154 259 1
88 457 1
22 287 1
188 391 1
212 486 1
133 404 1
186 337 1
45 259 1
113 461 1
87 253 1
34 286 1
108 427 1
101 390 1
164 358 1
5 326 1
38 360 1
190 473 1
82 344 1
171 311 1
167 394 1
223 350 1
234 440 1
107 350 1
251 502 1
253 502 1
254 502 1
256 502 1
257 502 1
258 502 1
259 502 1
261 502 1
262 502 1
263 502 1
264 502 1
265 502 1
266 502 1
267 502 1
268 502 1
269 502 1
271 502 1
272 502 1
273 502 1
274 502 1
275 502 1
276 502 1
277 502 1
278 502 1
279 502 1
281 502 1
283 502 1
284 502 1
285 502 1
286 502 1
287 502 1
288 502 1
289 502 1
290 502 1
291 502 1
292 502 1
293 502 1
294 502 1
295 502 1
297 502 1
298 502 1
299 502 1
300 502 1
301 502 1
302 502 1
303 502 1
304 502 1
305 502 1
306 502 1
307 502 1
308 502 1
309 502 1
310 502 1
311 502 1
312 502 1
313 502 1
314 502 1
315 502 1
316 502 1
317 502 1
320 502 1
321 502 1
322 502 1
323 502 1
324 502 1
325 502 1
326 502 1
328 502 1
329 502 1
330 502 1
331 502 1
332 502 1
334 502 1
335 502 1
336 502 1
337 502 1
338 502 1
339 502 1
340 502 1
341 502 1
342 502 1
343 502 1
344 502 1
345 502 1
346 502 1
347 502 1
350 502 1
351 502 1
352 502 1
353 502 1
355 502 1
356 502 1
358 502 1
359 502 1
360 502 1
361 502 1
362 502 1
363 502 1
364 502 1
366 502 1
367 502 1
368 502 1
369 502 1
370 502 1
371 502 1
373 502 1
374 502 1
375 502 1
376 502 1
378 502 1
379 502 1
380 502 1
381 502 1
382 502 1
383 502 1
384 502 1
388 502 1
389 502 1
390 502 1
391 502 1
392 502 1
393 502 1
394 502 1
396 502 1
397 502 1
398 502 1
400 502 1
401 502 1
403 502 1
404 502 1
405 502 1
408 502 1
409 502 1
410 502 1
411 502 1
412 502 1
413 502 1
414 502 1
415 502 1
416 502 1
417 502 1
420 502 1
421 502 1
422 502 1
423 502 1
424 502 1
426 502 1
427 502 1
428 502 1
430 502 1
432 502 1
434 502 1
435 502 1
437 502 1
438 502 1
439 502 1
440 502 1
441 502 1
442 502 1
443 502 1
447 502 1
448 502 1
449 502 1
450 502 1
451 502 1
452 502 1
453 502 1
454 502 1
455 502 1
456 502 1
457 502 1
458 502 1
459 502 1
460 502 1
461 502 1
462 502 1
463 502 1
464 502 1
465 502 1
466 502 1
467 502 1
468 502 1
469 502 1
471 502 1
472 502 1
473 502 1
474 502 1
475 502 1
476 502 1
477 502 1
478 502 1
480 502 1
481 502 1
482 502 1
483 502 1
484 502 1
485 502 1
486 502 1
487 502 1
488 502 1
489 502 1
490 502 1
491 502 1
492 502 1
494 502 1
495 502 1
496 502 1
497 502 1
498 502 1
500 502 1
501 1 1
501 2 1
501 5 1
501 6 1
501 7 1
501 8 1
501 9 1
501 10 1
501 11 1
501 12 1
501 13 1
501 14 1
501 15 1
501 16 1
501 17 1
501 18 1
501 19 1
501 20 1
501 21 1
501 22 1
501 23 1
501 24 1
501 25 1
501 26 1
501 27 1
501 28 1
501 29 1
501 30 1
501 31 1
501 32 1
501 33 1
501 34 1
501 35 1
501 36 1
501 37 1
501 38 1
501 39 1
501 40 1
501 42 1
501 45 1
501 46 1
501 47 1
501 48 1
501 49 1
501 50 1
501 51 1
501 52 1
501 53 1
501 54 1
501 55 1
501 56 1
501 57 1
501 58 1
501 59 1
501 60 1
501 63 1
501 64 1
501 66 1
501 67 1
501 68 1
501 69 1
501 70 1
501 71 1
501 72 1
501 73 1
501 74 1
501 76 1
501 77 1
501 78 1
501 79 1
501 80 1
501 82 1
501 84 1
501 85 1
501 86 1
501 87 1
501 88 1
501 89 1
501 90 1
501 91 1
501 92 1
501 94 1
501 95 1
501 96 1
501 97 1
501 98 1
501 99 1
501 100 1
501 101 1
501 102 1
501 103 1
501 105 1
501 106 1
501 107 1
501 108 1
501 109 1
501 110 1
501 112 1
501 113 1
501 114 1
501 115 1
501 116 1
501 117 1
501 118 1
501 119 1
501 120 1
501 121 1
501 122 1
501 123 1
501 124 1
501 126 1
501 127 1
501 128 1
501 131 1
501 132 1
501 133 1
501 134 1
501 135 1
501 136 1
501 137 1
501 138 1
501 139 1
501 140 1
501 141 1
501 142 1
501 143 1
501 144 1
501 146 1
501 147 1
501 148 1
501 149 1
501 151 1
501 152 1
501 153 1
501 154 1
501 155 1
501 156 1
501 157 1
501 160 1
501 162 1
501 164 1
501 165 1
501 166 1
501 167 1
501 169 1
501 170 1
501 171 1
501 172 1
501 173 1
501 174 1
501 175 1
501 176 1
501 178 1
501 179 1
501 180 1
501 181 1
501 182 1
501 183 1
501 184 1
501 185 1
501 186 1
501 187 1
501 188 1
501 189 1
501 190 1
501 191 1
501 192 1
501 193 1
501 194 1
501 195 1
501 196 1
501 197 1
501 199 1
501 200 1
501 202 1
501 203 1
501 204 1
501 205 1
501 206 1
501 207 1
501 208 1
501 209 1
501 210 1
501 211 1
501 212 1
501 213 1
501 214 1
501 215 1
501 216 1
501 218 1
501 219 1
501 220 1
501 221 1
501 222 1
501 223 1
501 224 1
501 225 1
501 226 1
501 227 1
501 228 1
501 229 1
501 231 1
501 232 1
501 233 1
501 234 1
501 235 1
501 236 1
501 237 1
501 238 1
501 239 1
501 240 1
501 241 1
501 242 1
501 244 1
501 245 1
501 246 1
501 247 1
501 248 1
501 249 1
501 250 1
