102
101 102
184
4 80 1
42 57 1
42 64 1
34 64 1
49 96 1
23 99 1
31 65 1
32 93 1
11 72 1
20 63 1
12 53 1
47 76 1
30 73 1
14 90 1
31 67 1
7 66 1
25 61 1
15 72 1
7 56 1
17 68 1
48 75 1
36 60 1
42 73 1
25 95 1
18 81 1
46 71 1
45 70 1
13 68 1
18 55 1
9 80 1
5 94 1
20 61 1
24 65 1
46 84 1
30 76 1
39 92 1
15 65 1
16 75 1
33 65 1
12 51 1
39 66 1
13 72 1
17 77 1
41 96 1
5 73 1
24 58 1
25 87 1
13 69 1
48 69 1
6 100 1
49 57 1
9 81 1
28 66 1
17 52 1
20 94 1
50 93 1
41 83 1
43 99 1
32 83 1
25 58 1
17 53 1
30 87 1
29 97 1
23 62 1
30 100 1
9 99 1
46 66 1
2 55 1
31 77 1
47 84 1
13 100 1
36 54 1
25 94 1
30 84 1
15 54 1
47 94 1
38 88 1
10 86 1
20 75 1
39 97 1
5 64 1
43 76 1
4 90 1
45 64 1
13 74 1
24 73 1
45 86 1
13 76 1
50 61 1
39 72 1
28 56 1
1 59 1
10 61 1
26 95 1
50 80 1
33 84 1
2 85 1
48 86 1
9 90 1
36 69 1
64 102 1
65 102 1
66 102 1
67 102 1
68 102 1
69 102 1
70 102 1
71 102 1
72 102 1
73 102 1
74 102 1
75 102 1
76 102 1
77 102 1
80 102 1
81 102 1
83 102 1
84 102 1
85 102 1
86 102 1
87 102 1
88 102 1
90 102 1
92 102 1
93 102 1
94 102 1
95 102 1
96 102 1
97 102 1
99 102 1
100 102 1
51 102 1
52 102 1
53 102 1
54 102 1
55 102 1
56 102 1
57 102 1
58 102 1
59 102 1
60 102 1
61 102 1
62 102 1
63 102 1
101 1 1
101 2 1
101 4 1
101 5 1
101 6 1
101 7 1
101 9 1
101 10 1
101 11 1
101 12 1
101 13 1
101 14 1
101 15 1
101 16 1
101 17 1
101 18 1
101 20 1
101 23 1
101 24 1
101 25 1
101 26 1
101 28 1
101 29 1
101 30 1
101 31 1
101 32 1
101 33 1
101 34 1
101 36 1
101 38 1
101 39 1
101 41 1
101 42 1
101 43 1
101 45 1
101 46 1
101 47 1
101 48 1
101 49 1
101 50 1
