202
201 202
371
92 155 1
10 122 1
8 190 1
26 164 1
77 114 1
47 157 1
32 199 1
13 169 1
39 158 1
33 186 1
6 133 1
76 179 1
33 115 1
6 173 1
35 143 1
37 142 1
60 146 1
92 134 1
52 149 1
77 166 1
36 144 1
63 123 1
24 104 1
27 117 1
2 150 1
53 179 1
8 173 1
26 137 1
78 181 1
72 116 1
19 126 1
48 128 1
24 111 1
74 131 1
88 130 1
97 125 1
9 168 1
50 124 1
100 138 1
100 122 1
39 101 1
42 137 1
53 196 1
74 170 1
76 101 1
82 109 1
41 124 1
90 188 1
74 119 1
42 189 1
47 138 1
89 144 1
69 101 1
60 170 1
22 198 1
56 177 1
21 152 1
99 164 1
24 161 1
9 129 1
25 137 1
62 165 1
98 169 1
100 118 1
25 198 1
20 109 1
49 169 1
65 186 1
24 180 1
74 102 1
80 115 1
2 178 1
32 139 1
84 157 1
22 106 1
35 103 1
62 138 1
62 143 1
39 171 1
67 198 1
70 102 1
86 178 1
92 188 1
37 101 1
22 122 1
8 185 1
78 158 1
85 143 1
56 154 1
67 122 1
70 147 1
55 124 1
29 126 1
25 118 1
99 159 1
97 146 1
72 130 1
84 119 1
37 175 1
91 198 1
83 101 1
83 157 1
27 196 1
100 158 1
73 128 1
60 125 1
70 164 1
23 170 1
15 112 1
47 184 1
68 138 1
4 198 1
3 105 1
40 133 1
30 108 1
37 173 1
96 113 1
34 180 1
74 109 1
35 135 1
39 146 1
94 137 1
57 158 1
66 137 1
84 174 1
78 141 1
19 154 1
90 176 1
5 111 1
8 148 1
90 114 1
82 185 1
84 148 1
85 159 1
55 176 1
30 158 1
77 136 1
84 163 1
93 145 1
97 156 1
70 181 1
60 107 1
20 175 1
84 109 1
6 190 1
35 197 1
71 156 1
36 116 1
97 102 1
69 136 1
100 181 1
72 149 1
35 104 1
7 175 1
62 193 1
1 105 1
63 105 1
36 174 1
65 149 1
46 110 1
49 187 1
71 155 1
95 162 1
38 184 1
24 115 1
46 162 1
73 124 1
60 191 1
37 123 1
3 185 1
70 133 1
59 137 1
39 140 1
29 107 1
22 102 1
56 148 1
10 181 1
91 125 1
22 128 1
7 134 1
79 164 1
8 151 1
65 168 1
38 145 1
40 166 1
78 101 1
73 197 1
86 169 1
77 157 1
78 170 1
64 180 1
88 157 1
67 147 1
24 160 1
38 148 1
11 188 1
91 121 1
63 170 1
77 184 1
25 112 1
128 202 1
129 202 1
130 202 1
131 202 1
133 202 1
134 202 1
135 202 1
136 202 1
137 202 1
138 202 1
139 202 1
140 202 1
141 202 1
142 202 1
143 202 1
144 202 1
145 202 1
146 202 1
147 202 1
148 202 1
149 202 1
150 202 1
151 202 1
152 202 1
154 202 1
155 202 1
156 202 1
157 202 1
158 202 1
159 202 1
160 202 1
161 202 1
162 202 1
163 202 1
164 202 1
165 202 1
166 202 1
168 202 1
169 202 1
170 202 1
171 202 1
173 202 1
174 202 1
175 202 1
176 202 1
177 202 1
178 202 1
179 202 1
180 202 1
181 202 1
184 202 1
185 202 1
186 202 1
187 202 1
188 202 1
189 202 1
190 202 1
191 202 1
193 202 1
196 202 1
197 202 1
198 202 1
199 202 1
101 202 1
102 202 1
103 202 1
104 202 1
105 202 1
106 202 1
107 202 1
108 202 1
109 202 1
110 202 1
111 202 1
112 202 1
113 202 1
114 202 1
115 202 1
116 202 1
117 202 1
118 202 1
119 202 1
121 202 1
122 202 1
123 202 1
124 202 1
125 202 1
126 202 1
201 1 1
201 2 1
201 3 1
201 4 1
201 5 1
201 6 1
201 7 1
201 8 1
201 9 1
201 10 1
201 11 1
201 13 1
201 15 1
201 19 1
201 20 1
201 21 1
201 22 1
201 23 1
201 24 1
201 25 1
201 26 1
201 27 1
201 29 1
201 30 1
201 32 1
201 33 1
201 34 1
201 35 1
201 36 1
201 37 1
201 38 1
201 39 1
201 40 1
201 41 1
201 42 1
201 46 1
201 47 1
201 48 1
201 49 1
201 50 1
201 52 1
201 53 1
201 55 1
201 56 1
201 57 1
201 59 1
201 60 1
201 62 1
201 63 1
201 64 1
201 65 1
201 66 1
201 67 1
201 68 1
201 69 1
201 70 1
201 71 1
201 72 1
201 73 1
201 74 1
201 76 1
201 77 1
201 78 1
201 79 1
201 80 1
201 82 1
201 83 1
201 84 1
201 85 1
201 86 1
201 88 1
201 89 1
201 90 1
201 91 1
201 92 1
201 93 1
201 94 1
201 95 1
201 96 1
201 97 1
201 98 1
201 99 1
201 100 1
