5000 5000
10000
2341 9259
4786 7858
4204 7002
3876 9822
1610 5647
4879 7475
975 7391
1996 6853
4523 5020
4788 6917
3046 7133
355 9788
3021 9959
207 6186
4545 5989
1024 5057
3719 9893
3452 9574
4454 9871
3330 7112
3491 6230
1991 7599
471 9664
2575 7822
4898 6864
2549 5952
1756 6782
1864 8424
2785 6898
2441 7908
3767 6283
4035 9162
2334 8073
3423 6503
4471 6344
2533 5195
417 6663
3597 8796
4635 9123
4580 7144
3916 7028
1293 7016
1345 5240
159 5728
3220 7329
1673 6489
1343 6756
1112 7704
3615 6581
1015 9566
4766 7858
3283 6604
951 5681
1867 7552
876 9430
1463 8967
3251 5054
2830 8654
2601 9273
3659 9631
547 7179
3724 7664
4341 6730
2780 8027
2102 9444
2586 9858
2682 6014
4794 5582
634 8387
789 8976
3725 7503
592 5390
2476 6355
861 8889
2997 9824
4726 8533
3218 7479
3627 7728
587 8595
2172 7803
1845 5498
3574 6625
284 6619
1501 8366
697 7253
1495 8987
4027 6015
1975 6688
403 8154
819 7738
4264 7319
2288 6503
2567 7021
905 6488
2913 5202
1365 5069
2938 8936
4254 6322
4975 8696
1531 7831
236 7014
4396 7060
4997 5643
2327 8764
3592 6554
416 8257
3915 8551
448 6150
565 7488
1223 8235
3281 8223
764 8672
2261 9479
4119 8640
3637 6665
3751 5419
1566 5524
1646 6006
1168 8935
696 8527
4363 6280
1363 6261
3523 9024
3527 9514
4736 9536
1519 7403
1120 8048
757 7618
3375 9809
259 5169
1143 9659
4331 9233
3004 5725
1466 7916
3301 7724
1155 7252
1474 6295
3005 5575
1507 6086
542 5616
3681 7645
633 7053
2646 5621
2704 9589
1611 7241
4948 6455
3071 9582
1403 6278
1286 6951
3749 8805
1481 7263
503 6936
3992 7349
1939 7759
1810 9636
3796 5630
857 5694
3551 9965
3838 9221
829 7631
4507 8707
3230 8592
3538 9109
2399 9817
2229 9649
4880 7607
1176 5125
561 8199
1682 6209
2507 7950
3912 7325
3269 8418
4835 7131
1551 6999
436 5290
425 8556
3004 8107
3232 7676
4507 5942
2519 5284
3894 6982
2746 9479
753 5630
2620 6763
4903 9961
763 5400
1702 5316
1404 6093
3988 5585
469 6949
2135 9627
3530 7803
1608 5860
4611 5320
2556 6120
1949 8328
225 8002
3208 5303
1661 5333
1526 5948
1274 8190
3270 6436
781 7621
4792 6673
650 8950
1190 5608
4954 5273
988 7243
3418 7890
3535 7620
1792 5030
1692 9345
1324 7008
757 6718
2472 9344
4498 9716
2185 6020
1114 6246
2988 5653
2423 5921
3757 7914
1247 5307
2186 8839
4799 7684
2007 7489
1050 9407
2289 6465
3178 9387
2936 5111
1047 9993
2057 7282
1057 5862
30 7661
2312 5911
1516 5101
4433 6534
2042 9292
976 7982
526 8001
14 9999
3848 5105
1031 6601
1048 7344
3182 9390
1851 8173
2330 9189
4606 5239
689 5435
2791 7822
2106 8123
874 6427
2788 9185
3866 7593
771 5498
169 5187
2991 9208
434 7807
3621 5870
2580 7067
1052 8474
4351 5793
1111 9293
3367 6654
878 5503
1962 7193
2711 6288
790 6084
1083 6309
357 8198
734 5905
1232 9379
3514 8561
4378 6847
4075 6905
1918 6942
2525 7533
3845 7215
4919 8568
4446 7490
2421 6065
3305 6542
2725 6565
898 9983
2100 8568
3131 6357
1329 7485
4285 6191
2035 6151
4160 5162
4512 7432
2890 7367
4690 5641
4640 8636
1869 5403
3433 6684
1272 6139
84 5143
4786 6731
4133 5029
1057 6998
3172 9071
4835 5305
1243 5448
3775 6357
4126 9182
4692 5037
3519 9246
4502 6434
3490 7750
1727 9742
4069 8999
1481 7110
2047 5967
941 7140
1136 7419
1521 6419
4623 6494
577 7517
4711 9272
2343 8933
1878 8035
2908 5004
4805 8403
4689 5870
2175 7274
615 9291
1208 8517
2410 8253
1792 7802
569 5160
1427 9105
2593 5552
2104 9966
3743 7720
729 5365
519 9897
4819 9080
2033 6769
478 7938
3902 5123
2009 8342
3196 7108
4065 9534
3208 8452
2621 6094
1292 5908
3885 8332
3879 5488
2344 8274
4245 6789
2845 9060
625 5724
2385 8168
2179 6282
3526 9625
4471 6859
860 7052
2606 9101
4660 8965
682 8344
3846 6016
3099 9901
3261 7794
1425 9924
3126 8630
2138 7324
2518 6674
295 9820
484 8429
2335 5737
2011 7324
4154 6424
374 9117
744 8496
939 9728
1936 5844
698 6166
4417 8284
330 6051
4359 8540
1777 8273
5000 9560
2530 7579
1790 5407
2814 8247
2689 7708
4852 8920
3975 5883
682 5654
267 9769
2487 6343
888 8093
855 5400
4011 6362
2366 7908
3121 7511
1625 5607
1922 9974
4107 9460
4358 6818
4193 5723
4855 7494
791 7072
2256 7163
768 7793
4506 6377
223 7239
4985 7055
932 6768
4202 6693
324 6274
441 5530
3197 9929
2555 6568
4379 9267
4834 6957
2675 6168
3388 6134
4286 9934
3083 6204
3368 9023
268 6018
17 7858
1354 7484
543 6865
2821 5652
247 5446
3601 8370
46 5512
205 6637
1818 8540
38 6307
1266 7892
165 6268
4905 8218
3247 7234
2969 6010
3347 8865
2921 7396
1063 9471
4213 8499
917 9997
651 7939
4196 5003
3211 7940
222 9516
2816 5572
804 5404
4870 8333
3931 9609
831 9611
4226 8331
4351 9455
4773 8872
1901 9877
828 5986
2624 7064
4173 9305
1401 6325
2635 9566
3208 6001
3878 8146
1733 5930
3866 7767
3206 7178
3821 7820
4462 5439
4853 9759
160 6432
41 6572
4929 6593
588 5602
474 8717
3878 5651
2551 5619
4411 5298
1931 7166
1284 6666
2080 6396
4929 8307
2266 9685
363 6187
4541 9203
3701 7338
2212 7278
2079 9091
1126 7685
514 6998
3450 6954
3399 5148
466 8520
4986 5840
424 7699
3619 9578
4131 8459
2159 6550
1287 9889
2773 6556
3077 6220
4922 5532
3549 8576
2014 7818
1630 8817
2177 9432
4796 7503
3888 5688
2265 7885
3513 9622
2148 8056
459 5770
3031 5744
331 9877
3099 8722
3378 8799
4343 6710
206 5151
2302 5407
1154 8729
4658 7130
2584 7836
1204 8657
950 9985
1906 7861
3799 8604
2805 9805
4329 5547
2924 6062
4494 9043
516 7233
4463 7423
1334 9484
3020 9463
76 6026
230 8224
3933 6809
2839 7453
1551 7860
845 7449
1126 5607
2796 7373
4338 7232
3524 5453
2551 5944
1686 9137
4116 9936
334 6400
2114 8955
3706 7854
670 7713
784 6269
2134 7288
1903 6327
2173 9620
928 8996
2744 9269
2539 5310
4412 5013
3922 6468
70 7493
435 7852
285 5298
4179 6875
2893 8004
2760 9963
3416 5730
942 9359
2992 9458
118 7025
3260 8224
4203 5184
1120 9375
1272 6219
454 8018
1404 8349
3926 7542
1922 9821
912 9725
3826 7080
1555 9013
4280 8215
791 5072
4149 8336
4262 7369
3800 9118
3655 5631
3872 5810
2238 6427
36 5180
1029 8153
2362 8200
4284 6985
4052 6744
4848 6723
4216 5023
508 8837
2722 7638
2560 9008
2146 8030
2359 8067
4373 9904
1394 8248
4659 5216
3473 5088
2933 9645
1093 6976
1476 5363
589 8777
1188 9539
1069 7659
1925 8574
2390 7188
2610 9545
4275 6376
3201 5861
4499 7698
2480 9237
3508 6029
43 9411
1952 6929
1855 7160
4883 7422
1464 5198
552 7622
1318 6179
4242 9594
485 8310
1698 5618
2782 8732
3923 6396
324 9933
4785 6188
1456 9401
4293 5345
2591 7205
3938 8934
4430 7573
4121 6708
3120 9801
85 5941
891 5777
4918 9871
2339 5804
4910 9845
225 6052
257 8963
1617 5659
3472 9154
2740 9759
1695 7888
4224 8387
649 5172
1505 5077
4169 6960
2531 9345
1518 5980
4211 7324
4058 6442
3368 7409
3417 5721
345 6932
2143 8637
2257 7751
1722 5582
4916 5559
2148 5151
4689 7902
4477 8835
1368 9444
1974 9020
471 7366
144 7792
4953 5539
1901 7050
2664 8911
4884 8975
1375 9881
1923 7288
4110 5229
2607 5471
2690 6622
2041 9911
2638 7873
666 8579
3143 8282
3445 6188
4218 9460
3743 7879
3043 5282
285 8274
361 8048
3504 9030
4279 5892
4418 6489
2806 8164
2312 9489
381 9176
2214 7841
4303 6210
4759 7456
2875 5460
2148 7411
1762 6784
4065 9758
3019 9738
4907 9363
4544 9678
637 9369
4148 9393
3632 8125
4389 9062
4073 9393
3699 7148
1282 5626
2111 6238
3387 5980
103 8105
4717 8623
2205 9089
4633 9545
2739 6950
2363 9085
1531 9074
3811 7963
2766 9584
596 7380
3440 9317
4709 6419
3522 7188
4851 7759
4260 8991
81 8054
1620 9309
4768 6780
4916 7003
4327 8073
2461 6727
3046 5405
3653 7764
2600 9308
4757 8003
4449 9257
3024 5825
2309 6286
4747 8888
3433 7872
3157 6598
510 5331
866 8514
4855 6531
4453 7121
4450 6618
1505 5432
4842 6789
3842 9006
570 5670
4581 6935
3138 8325
255 6527
3176 6751
3319 6534
3670 8370
2115 9179
2084 8849
4737 8686
305 7717
3609 6720
3519 8478
2102 8195
3180 6640
4730 9988
4799 8191
4411 6990
2528 8253
4771 8410
1505 5387
2244 5393
592 7155
3047 7496
2873 8068
2903 8681
3684 9297
881 7862
3243 8173
1602 9482
167 8273
3468 6454
3088 8383
18 6087
424 7942
1872 9909
1635 6968
206 5832
3251 7025
1501 6179
263 5870
3816 5917
4514 7263
2996 7524
1641 5216
1426 8170
3104 6065
1126 7821
956 6912
3083 6939
2561 8448
3269 8982
695 9439
4900 7393
2195 6905
716 6592
2855 7694
1404 8965
2632 9265
1378 9007
4500 9448
3785 7259
4205 8881
1091 5205
266 7801
809 8109
3796 7830
1126 5412
3901 9227
3135 6222
1248 6397
208 5773
4744 9726
1533 6471
1449 7433
3982 7244
427 6053
2026 8573
4292 5286
1961 6580
4130 7703
3001 6732
1081 9792
664 9815
3783 6811
1683 6156
4530 5840
4752 9825
3706 9680
2676 6620
4806 8584
3796 6104
1979 8359
4190 6390
169 6356
1539 9717
4014 7420
4241 9619
3243 6143
4024 9809
4961 5803
1102 6266
4273 9944
2028 8346
815 5641
1527 5162
534 6720
2210 8321
3109 5780
2574 6963
816 6534
2498 8793
1819 8062
4250 9950
1048 5341
2357 8542
3114 7082
1397 6355
4232 6728
1209 6173
4415 8123
1743 5229
28 7922
2108 8062
4910 9564
3343 9839
3939 5325
773 9687
2795 5953
3997 7519
1754 7696
4842 6821
1902 5663
3406 9929
1349 8262
4829 8464
1870 6502
4475 7189
700 7446
474 8055
3233 7180
4391 5411
1682 5776
4720 7849
1448 9014
1900 5626
1273 5426
164 8084
1098 7900
2984 5174
217 6328
1926 5211
484 9072
1185 6485
2415 5559
2258 9837
2757 6469
4706 5502
4278 9493
4858 7197
1855 8500
2123 5639
2153 8223
1774 5538
1033 5041
3666 5854
983 9714
332 5506
2705 9585
442 9653
4839 7320
4617 8900
1020 9358
3252 6508
3330 7054
1512 7471
2751 7515
734 9806
2084 7421
4676 5138
4038 9386
2413 8429
4302 8666
1325 8875
396 7657
3576 7091
3689 9942
2135 8932
2189 6113
1284 9579
124 8552
1526 7973
2330 9171
3570 6341
3475 6770
2871 7954
2406 6756
4490 6142
2707 9928
3264 8653
2627 9111
4768 5070
366 5262
3470 9100
3923 8634
2840 7482
1381 9614
1966 8031
3833 7008
2808 5024
3169 8037
2325 5996
4715 6104
4901 9823
3575 8649
3977 7394
943 6198
1894 6338
1049 8650
1603 6331
3236 6645
1192 9884
4039 9224
470 9736
858 7631
1792 9445
1857 9164
4045 6081
3994 5471
644 9091
2778 7798
2130 7158
1916 5443
4488 8108
1280 9630
1852 8647
4492 9679
3045 6952
2355 5030
1452 9376
3004 9779
2533 7997
1893 7147
1957 5769
1833 7737
618 9660
2237 9240
4012 7635
1773 6267
4139 8666
2273 6354
4143 7009
3431 8633
1170 7849
4500 5306
4233 9976
3718 7965
4029 7494
3403 8791
4170 6024
3400 9110
3426 8770
4237 6176
3552 9889
455 9840
1732 8702
2147 9842
3521 5100
817 5096
4142 5024
3150 9794
1363 8862
237 7188
3856 7885
3823 7473
4985 6064
4614 9328
4575 6748
4312 7718
1978 7154
2026 9408
3562 8584
1786 9772
2565 8154
1998 5581
1922 9147
1111 8741
3395 5907
2397 5736
1337 6641
4858 5725
3912 7486
188 5236
23 8550
1515 7337
2536 7547
663 9190
1296 6408
1393 5025
359 6530
2752 6530
177 5617
2331 6416
900 9107
4758 7921
4915 6222
1273 6047
1596 7589
2028 9818
1200 9932
2132 5248
2194 6927
1016 9808
158 9897
1329 8304
1516 9624
1228 8232
1615 9843
3732 8366
2396 6842
2993 5912
4462 7859
4699 6010
1964 7559
1732 8788
4553 5412
2757 6190
1527 6672
4708 6597
109 7249
2604 7007
3121 5201
4231 7363
3487 7778
4348 8713
3706 8090
3045 9501
2405 5325
4797 8453
4600 5930
2047 6125
3120 8076
70 5773
2742 6101
3248 9246
3876 5750
3552 8612
3668 9226
266 8367
3967 5263
2247 9466
3266 5492
1628 8915
2945 7252
2962 6016
1355 8514
654 6242
4400 9168
3803 7388
2252 5268
4731 8021
4600 9487
1866 7919
943 9264
3016 5297
3734 5305
4446 6851
1382 6900
1518 8832
1400 5528
835 7083
2572 6158
2500 8852
11 9817
678 9092
1969 9758
1480 8506
2828 5303
2466 8876
2420 7988
4450 6242
2987 7643
1733 9395
3446 6862
3444 6969
2539 7995
3928 9674
4622 5745
3067 7927
1860 9714
4931 6743
2183 6604
3323 6369
502 6812
3619 5344
4954 8355
4557 7846
4942 5183
1551 9546
4315 6437
3904 5232
4669 7572
834 6658
820 6054
3050 6090
4409 9087
824 7218
4980 6208
2474 9680
3501 8323
555 8360
1542 9307
1585 8231
4315 8376
3496 9094
3272 9371
806 9208
4022 9772
4600 6933
143 5468
786 7145
1910 7876
875 8084
4457 5405
291 5734
1557 8003
3733 8306
4792 6357
872 7185
511 7946
140 6858
3688 9132
2612 6420
246 6501
4298 9594
1950 6564
27 8646
4745 9713
925 5384
3205 7997
4261 7616
1678 6312
1146 8260
509 5468
3481 7662
1919 7834
464 7460
3329 8800
1180 8503
4658 8872
2604 9855
535 7505
3638 5425
3467 9304
3367 7586
4302 8084
948 9041
2398 7346
1757 5201
3906 9088
2177 7952
3458 5170
1373 7809
4836 5762
2783 5136
4785 6527
3978 6285
2265 5296
4784 8609
4900 8775
4444 5977
1454 5333
2442 7880
4289 6721
4109 8737
4785 9513
1027 6709
4647 9543
1406 9340
4016 6011
1505 9229
3325 9083
597 8156
94 9713
4805 9399
3169 7537
2407 9060
1801 8987
4914 8114
2427 7733
4935 9079
963 8778
4196 9845
2934 8960
4246 8894
3919 5393
1428 9881
3355 7612
4318 5252
4438 5739
675 9027
2266 6140
3071 7711
3093 8768
2891 5058
1637 8459
486 9256
541 5107
2446 7480
2751 6294
4329 7177
3299 9603
1758 8528
2771 6291
4280 6871
3839 7422
1035 7261
3649 7872
1373 9277
3718 9230
4948 6746
4245 7971
3169 7688
2110 8674
1454 6861
3862 9468
3391 7022
2563 7878
449 6791
4274 7326
4744 8663
425 8279
423 9422
4957 8050
560 9230
825 5432
4125 7532
1914 7995
4188 5528
1621 9956
3463 5704
504 6768
919 6233
4158 5769
866 6274
2702 5586
2894 9365
263 9278
4127 5206
869 6639
1294 8053
395 8964
4494 8110
1916 6455
4324 6720
2928 7301
3644 9926
3409 7806
1468 5737
330 5903
955 9104
504 6789
475 7733
2347 5982
537 8740
2455 5529
2908 6884
4788 6853
3514 9496
2298 7401
3432 6904
1470 5372
3579 5802
3551 9612
3398 9933
3657 6581
1037 9292
4218 8419
3028 5723
4280 8491
2845 5161
2502 6555
2185 6435
1290 6076
238 8218
2368 8114
76 8836
323 8451
3550 5679
3814 5347
1185 9731
3556 5267
1700 6943
688 9650
3592 7737
247 5609
2318 5254
206 8674
681 8699
3946 5262
2362 6750
1971 7649
556 7820
1816 5872
3823 9154
3172 9566
3856 7016
1410 8233
4317 8913
4466 6290
3705 7053
3609 5411
3830 5523
1616 5935
1413 9615
1113 6341
4487 8183
3807 7156
3110 7142
2409 8564
3574 6222
4583 7568
501 9250
703 8986
1541 7043
941 8625
557 5013
2823 9587
761 9779
464 9232
3421 5849
4037 5725
668 7052
4735 5796
2125 6762
1603 6457
3451 9004
2339 7829
875 5454
3505 8426
4095 7511
3641 7147
73 7333
2936 8846
4076 9020
3007 7293
926 5665
1300 8851
1945 9630
4790 9437
720 9578
2898 7970
1775 7157
802 6642
1110 6939
2580 9744
3051 8763
3862 7540
2840 5040
4980 6320
1801 7303
3942 8884
4688 8940
3082 8222
1162 5759
1672 9074
1896 8961
2005 6373
1879 9155
1362 7950
223 5703
2770 5765
3751 8654
3794 8607
4532 5428
3128 5552
600 9373
2382 8633
1670 5997
3668 6777
837 8897
2604 7276
3204 9250
784 8603
922 9815
1104 6928
4303 5500
1181 7036
1373 6801
150 7410
633 5372
1746 8241
2792 5441
2975 9459
1721 5289
2700 8879
3256 7164
318 9872
349 8341
432 6004
497 9628
4660 5033
358 5356
1733 5495
3700 7694
4473 6334
2712 8423
2645 5633
4714 6992
2095 7107
263 6056
1581 5882
2971 9083
2058 6824
2329 5583
424 5392
3090 8215
1198 7868
2008 6711
3786 7713
2834 6237
1824 8809
978 5879
2993 5758
3531 8700
2385 6098
2552 9586
2610 5023
4584 9724
3586 9994
2432 6772
1455 9132
2471 6620
4643 5885
2630 6430
4875 7839
3903 8646
1564 7922
1999 6073
3335 8176
1981 7819
3737 8426
1429 9855
3763 8250
2871 5938
3350 7877
3407 8113
2383 5928
4866 5831
4769 9568
4033 6228
1881 5528
2618 6029
2145 9073
2823 8397
2524 8053
4131 7708
110 7688
1776 6857
3395 8064
1609 8497
350 6167
4902 8109
412 7143
3530 7347
776 5510
4473 6786
1272 7133
1870 5270
2336 8354
3292 6284
834 9194
23 6954
2241 8338
2028 5862
646 8352
4699 9652
2417 6585
4985 8551
4378 6188
4960 7698
3058 9663
1128 5166
3309 8467
672 7019
4753 6332
4968 5151
2426 7456
4590 5407
4926 5623
110 8803
3020 7805
2031 5458
3588 9705
4148 8018
545 7776
4401 7100
3472 7699
4583 5787
4195 7842
925 7630
3420 7649
1301 5822
1629 9139
420 6783
4577 5752
364 9514
3895 5220
4203 7749
4192 7681
1707 9976
334 9332
471 9433
4579 8891
1949 5364
1718 7896
1405 5065
791 9717
4931 6561
2145 5802
4549 9987
1714 8915
4521 8312
2179 7025
4467 7705
2429 9013
3018 8294
1015 5748
2002 6584
3558 8190
2873 9594
4711 7262
4980 8477
3690 9273
2710 5306
477 8191
1898 8720
1216 9762
758 7142
60 7099
378 8044
4006 6030
4920 7196
978 7915
4111 5164
3508 8692
1298 8525
2082 8122
909 7842
4718 5529
2455 5006
1411 7061
1323 6534
3481 6531
859 9993
3543 7757
1362 5496
3796 5712
3392 9687
294 5406
2167 7764
1258 7803
3609 6168
2344 8161
4218 6528
1267 6500
4870 6950
1993 6696
340 8875
2433 8324
3739 8165
247 9321
737 5628
2451 8327
3567 5198
859 6984
4591 8283
3423 7986
1291 9655
4210 9939
4220 9304
4793 9309
508 7261
2933 8392
1531 9626
160 5130
4751 9827
336 5164
2096 7690
1429 7109
431 9649
1285 6694
1522 5026
765 6950
737 8167
3825 7232
1702 6655
2993 8633
1509 9562
69 6839
2615 8858
4223 6620
3032 9961
4764 6083
4644 9183
3489 6460
370 5674
176 7714
2807 7762
2335 6094
3783 5995
3992 8030
1275 9320
2934 9681
2292 6175
224 8257
214 6750
3269 9120
3034 7591
3941 6020
2713 5626
4702 8269
4176 9283
4728 5017
4812 7713
351 9806
814 5934
752 7750
2536 5493
3293 9077
1925 6583
1609 6456
3255 7654
687 8931
3967 5866
1076 8214
4878 8690
1344 7370
2682 9748
2142 6260
724 7946
2899 8296
3819 9902
4211 8717
2032 9797
4738 9924
2436 8342
4928 7659
938 8697
445 5974
581 6287
2504 9507
2985 5573
4879 9559
3974 6571
1577 7369
168 5972
4005 7640
2514 5680
1100 9878
3069 5499
4875 6795
4697 5748
2819 7896
458 6651
550 7115
2805 5556
2403 7127
1530 7924
3532 9692
1871 5010
907 7178
2801 8387
246 5232
3868 6378
843 6622
957 8666
4343 8116
3942 7896
2653 9007
3917 5164
4303 9696
4438 7511
97 7449
1969 5165
4964 6576
4600 6200
2764 6251
4942 9657
1288 9119
4577 8409
2694 9818
403 5503
1878 6927
4278 6631
4246 7714
4432 8148
4513 9299
2908 9884
4794 6221
2934 7215
3750 7303
2524 8427
1434 9705
3602 8107
4107 9383
3526 7035
665 6406
1091 5923
3533 5307
3928 5575
1848 5132
2162 5080
184 9518
3677 7000
2645 8522
3249 7846
3927 7614
4062 7963
1637 7023
1815 7544
4998 9390
3786 5139
372 5913
1317 7672
2843 5867
2796 9494
404 5444
3498 8743
4941 5194
3565 7940
3987 9753
4517 9930
2410 8556
3476 6891
430 9869
4519 9680
4225 7485
119 5892
2873 9183
4922 8489
4577 8801
3629 6455
1753 6867
685 9480
2420 9685
2508 5896
2552 5097
454 5047
841 7830
506 6835
4658 9723
2079 7170
1618 6788
4780 6522
1081 7946
190 7895
3373 9201
54 6721
3258 5360
1154 8666
2176 8707
2627 8117
17 7933
3010 8750
2952 6426
1177 7376
4601 5987
2762 9495
285 8422
312 5948
3817 7721
99 7911
1854 7859
4749 8111
463 9300
1934 7958
2458 5691
578 6445
2327 6618
1969 7106
2538 5505
3924 8062
3605 5098
4755 6639
3026 7177
1266 7763
4533 7715
3561 6882
2983 7661
1356 6429
2075 5015
2377 7010
25 8843
1924 8320
671 5672
689 6806
4556 9281
1146 6090
778 5474
849 7747
2192 6408
477 9353
4623 5978
2899 9478
594 6755
4922 6944
1419 8314
1499 9047
435 6644
2458 6404
622 8103
1230 7066
60 7552
4801 7476
1084 8446
1230 9811
3378 9357
4483 7796
22 6581
1383 7459
4020 6277
2874 9483
3407 8659
2509 6432
2449 7373
800 5106
1929 8372
1575 6655
2575 5737
3425 7659
432 6538
3094 6700
4736 9346
3668 5203
4946 9993
3482 6895
4282 5931
1016 9305
4385 5968
2065 7443
3493 5148
274 8338
3466 8145
3159 5079
2722 9551
3568 5807
3883 9858
2774 8470
1192 5882
4460 7092
1796 5400
384 9239
3417 5036
1676 5262
4293 8624
3009 9702
2857 7540
2951 9757
1117 5863
1358 5225
4772 7538
1370 6012
1867 7123
3802 5539
607 5460
257 5959
2801 8642
2430 9772
2948 7785
91 5587
3702 8281
1925 6549
2503 5088
96 9024
4673 6184
2766 7618
2980 7804
1589 6237
542 5724
4974 7461
1178 8308
3971 9749
1854 7786
1263 7803
2577 9479
2931 5089
3194 6821
4203 7383
4710 5472
4164 7753
3542 6765
4628 8187
1849 8325
1785 6491
698 8588
2713 5854
2535 9341
916 9371
1254 8459
4752 6129
3711 8598
4576 5502
4657 6034
282 7526
4306 6543
1687 8622
525 5007
3608 9794
4975 7171
159 8554
3077 7480
4159 7328
2851 9966
3483 7195
1985 8302
4160 9102
1821 8998
3502 9015
989 7249
1425 9322
1863 7316
461 5496
2186 9981
4181 7316
2847 5025
2354 8131
3932 9785
2945 5731
2666 6139
4633 8459
392 6800
364 6981
1503 6747
3286 8006
2058 7121
4729 9652
2292 8159
858 7192
2375 8610
1801 7625
3521 5741
1319 6743
4587 5230
1582 9200
1008 7763
1470 7647
2676 9320
3125 9267
1420 7699
4034 8800
2874 7034
4470 6354
798 7703
301 7210
2889 6120
4638 8097
2527 5308
4163 8741
4238 6437
4734 6644
4835 7148
2032 6006
2973 5277
4126 5899
1036 6016
719 6441
3044 8362
4875 7567
2248 7549
4204 9667
4680 6096
3806 8089
2701 7777
3759 8539
3076 7140
235 9333
3559 6881
1460 7490
780 7223
1852 8924
1809 7127
3245 9748
1645 6137
3352 6792
3067 8367
3650 7538
4572 9856
4963 9110
2984 5401
2634 8174
2005 5971
1641 7803
3611 8133
1528 6066
1122 9045
3477 6687
1234 6830
4341 9782
3562 8765
3528 5124
1142 6441
2194 5503
2289 9862
2112 8595
3816 6436
525 9709
3165 9643
1914 7195
263 9919
956 8763
243 6543
271 9028
3442 7802
3173 9572
3143 7832
4902 8131
1343 9773
1392 6469
2909 6519
2392 5376
4708 9080
912 7329
3750 5381
3362 9041
2610 9290
4598 9210
341 8006
4440 6920
3053 9957
839 8891
909 9484
1638 8679
4990 8869
2416 6986
2636 6176
3274 6666
4832 7915
3553 6039
2259 7629
1323 5874
176 9388
2364 7023
4211 7855
492 5169
427 8452
3637 8009
3304 9427
3510 5770
3234 5971
1110 8490
276 8938
2321 8808
988 9915
2389 6907
3327 7649
4099 8060
320 9914
325 9278
408 7395
280 9262
85 6805
1025 8815
867 6649
2589 7435
1487 8642
4215 8656
284 5930
3963 6092
1670 6219
4724 6399
863 9477
2156 9582
2941 6784
4735 6590
2515 7930
1930 8009
2093 9700
264 8028
4513 7056
1067 7042
929 5598
2786 8189
1272 9774
4990 5874
2430 7573
4668 9409
2471 7509
1673 6027
2284 6770
4543 5843
3585 8512
3259 8591
4534 5229
4600 6030
4388 9611
1109 6950
51 8764
4257 6923
4616 5752
4366 9570
1896 5437
1375 8345
697 7755
2504 9280
3718 5229
3998 7554
2411 9953
3890 8908
1304 7734
3328 8251
1011 7862
2616 6504
817 5344
2277 8129
3798 5229
1230 8660
4181 9274
713 7175
1442 8839
4552 9138
1672 6710
4426 9651
687 6898
477 8443
212 9708
3258 7312
1770 6939
2717 6352
2944 6177
2338 7036
4366 7362
4182 5334
2030 9615
3103 8428
4330 8753
1685 8337
2762 5807
2371 6377
1431 6822
1084 8728
60 9480
3453 5449
3117 9132
253 7206
3099 8919
107 7602
1361 6117
984 5252
1073 5618
4194 7421
4674 9076
4896 8312
2898 6271
3751 8087
236 6011
2324 9515
744 8507
4767 8359
4767 5499
1230 9305
1683 5215
2634 8049
835 9236
3250 9408
89 9744
3217 6526
355 7495
1684 7097
4435 7843
2465 5990
1973 8555
4476 7076
838 8276
1285 8349
2565 7429
2684 8079
1054 5565
1202 5710
1168 5766
4479 5638
3113 9372
4036 9425
1526 9607
559 9743
2696 9233
394 7304
4348 8323
1806 7062
3796 9279
2046 8372
2325 9642
1822 9900
2835 5760
4961 6560
4029 9790
4661 5340
851 5520
3585 7377
1150 5832
1467 7883
4613 7684
3631 7795
1529 5007
4895 9523
3309 6937
3430 8643
3085 6490
2354 8345
613 6639
2896 9080
880 5826
909 9858
3295 7109
1431 6897
2041 8534
3693 7374
1377 5977
2304 5242
3022 9674
1156 5216
3234 5830
3235 7141
749 8403
475 8076
968 5932
4896 8481
2116 5203
2686 6401
4167 8703
2093 8598
2774 7988
2424 6402
2846 6371
2751 6316
1656 8857
4489 8893
4106 9025
4572 8867
1730 9668
4411 9767
1511 7414
2693 8606
212 5608
1829 8032
1468 5679
4695 7149
708 6716
1031 5215
4425 5492
2174 7197
1382 7675
3699 7126
3221 7913
1096 9820
2882 5094
4481 5950
1685 8486
4183 6595
826 8662
533 8398
2353 6214
3175 5233
1882 9306
1181 5713
2090 6364
2677 7770
2931 6517
2064 5275
4447 8888
72 6358
2397 9229
1703 9382
4593 9320
1092 9096
970 5514
3831 5188
346 9777
962 5777
2079 9644
1097 7393
778 5485
344 8002
2696 9525
1057 8950
789 6524
4253 6212
2965 6040
2203 7767
1391 7675
4685 6914
65 5732
683 8724
2830 9988
1926 8630
366 9439
1931 7880
1272 8045
2102 8496
1075 6211
4317 6965
3132 5698
3203 7268
1230 6662
3764 7409
4962 6777
3953 8346
2245 5631
139 6412
3 8943
1277 6242
2090 7917
2621 6650
594 6321
3855 5144
3794 9668
1502 6612
1919 6026
4017 7299
263 9951
1752 5674
1530 8529
2010 5695
3015 8483
1558 8340
74 7500
1394 6082
1391 9124
1010 6802
4752 8245
4352 9248
2245 7806
4850 6927
4818 6072
3460 9468
4167 8304
3412 8991
863 5098
2075 6555
4797 9699
4958 6085
2513 7895
670 6634
3127 5297
1679 8263
4689 6485
1177 7109
808 5538
2673 8564
4735 8507
2175 5043
3842 7491
464 9299
1564 9812
676 5519
1977 7759
3905 9312
3736 7712
4734 5115
248 6858
83 5988
2186 7571
4908 5084
2052 8394
1530 6739
4781 6765
1072 9370
1121 8519
1485 6758
1273 8178
4738 5537
1694 8201
3836 5153
882 7443
2116 5932
730 8428
1616 8675
4306 8733
3851 5274
1648 5911
181 7022
2837 6459
3985 8694
2244 8619
4539 6140
4669 6763
869 6747
3093 7924
2008 8704
220 6837
2488 6899
4719 9744
484 6804
2246 6898
511 6742
4415 5762
310 6236
597 9914
2033 8333
2675 5330
4129 8338
3100 9782
4450 7929
3356 5566
1529 9618
3136 9599
2492 6826
2461 7979
3872 5988
1442 5337
2399 5429
4612 8454
1895 5252
4624 7600
1318 9418
33 8023
3938 5348
3591 8777
1383 6397
1942 8921
2868 9827
4050 6357
3634 9663
2573 8154
4066 7308
1963 7008
1238 9649
3878 7901
4385 7153
2036 7534
3391 6701
2 9390
2394 7463
3255 6422
1337 9687
2395 6187
3242 6156
2324 5665
2562 6299
3525 8589
4215 7736
4764 6803
2769 6797
1250 5708
3308 9291
4628 5362
1576 7575
4719 9321
4553 6134
3429 8291
3749 7675
4666 8743
23 9725
972 8828
458 5667
3171 9404
3954 7053
4738 9520
3008 6264
4043 7757
2625 6543
3738 6264
1419 7565
4096 6283
2259 6716
4893 6238
2773 8246
3217 9578
3907 5015
4875 5088
1926 6425
201 8474
1628 7204
2217 5136
2816 7930
3658 5353
4219 9192
1392 8330
2735 8850
4743 7299
2389 7196
4109 5897
3083 5100
1685 9405
1994 6396
3919 9376
3087 8706
852 6414
1449 5312
1513 6119
2950 7082
857 8741
4409 7620
3404 7658
834 10000
3732 5057
1805 5452
3600 9239
1155 7569
2219 6287
361 9413
4848 6698
1569 8263
303 5863
2891 6649
417 8945
1820 7854
3530 5402
4065 6868
4705 5580
214 7517
1812 7912
411 5244
2993 5032
4530 5254
4915 9149
4593 6297
1689 5174
2988 8733
2663 7842
1738 8116
1273 5808
1806 9316
3960 5500
1189 7649
577 7838
3064 7193
3223 7586
1559 5575
2020 8782
2111 7371
4582 5368
3064 8715
1121 6121
2381 7758
4607 5479
5000 7658
3970 6025
4302 8664
4993 5169
684 8137
4549 7897
2543 6060
378 6659
139 8430
4603 9960
3676 9762
2557 7596
1299 8308
3025 9614
4163 6630
405 8043
3347 7751
727 7547
1830 5246
3007 9999
2361 6931
2147 6927
4051 5006
4590 7071
121 8752
3722 6055
272 8573
1536 9903
1096 6791
1001 8141
4777 7024
67 8827
1107 9824
2884 9347
1172 8284
485 9061
4004 8409
1952 5250
4670 7553
2221 7575
1353 7902
1624 7209
2397 6607
1891 8225
4973 5169
1185 6785
974 6682
959 9914
4655 5548
148 7447
4980 5112
4957 8459
1756 6599
762 7302
3405 6291
1430 6990
2656 9319
845 9323
3692 8845
459 8384
1221 6703
980 9288
3389 9407
2041 8057
474 7850
3124 6088
481 9393
2229 8451
247 6938
2933 8294
3257 6997
4703 7590
667 8881
3599 6401
1599 9238
3116 9176
2979 5578
395 8530
3132 8384
1704 6526
3668 5164
2113 6444
2735 9850
2885 5046
3757 5350
1226 9246
618 5532
3053 7142
4708 9640
2954 9512
4729 8330
3548 8297
1025 7173
2550 6820
4494 7724
137 5213
3820 5524
3473 7150
4427 8925
4612 7414
3712 8239
2392 6759
2629 7750
1297 7327
4193 6158
250 6664
4997 5764
1378 6696
1600 8932
4438 5880
2882 7336
1967 6488
3262 8323
1110 8925
2136 8127
1807 8861
3791 8814
4388 8729
1083 8288
590 5418
172 9717
4984 8538
1841 5546
3845 5934
3432 8701
2291 7320
4787 5148
4831 9823
369 8197
481 8617
735 8974
2486 9118
801 8876
571 7180
336 6238
4750 9901
4541 6991
2781 8727
3905 5657
1467 6868
2238 9167
4425 5597
2211 5973
3836 6852
3798 6278
480 9924
4928 7290
3147 9100
2369 7835
3362 8736
761 7866
2833 6814
4398 5497
2333 9417
2532 9514
87 5078
758 9299
940 7574
592 8627
4693 9606
2117 7842
432 9789
3686 5706
4105 8991
3855 6312
3946 6777
1048 8426
4978 7325
1091 9446
2147 9624
1672 7168
2944 5001
823 9627
4702 8962
1171 7187
751 6719
760 9799
3531 7484
1926 9449
732 7300
2429 5828
2569 6130
2608 7394
3390 5044
225 5343
1426 7014
3369 6046
802 6639
4687 7525
4040 9727
3287 5912
4412 9100
1378 5017
2376 9967
3999 7307
4977 7780
715 5064
3365 6523
1860 7597
3227 6200
2033 7402
3535 9495
920 6184
4780 5620
1677 6647
3662 7543
2593 5361
1589 8904
2713 9119
581 7149
1588 7247
2737 8953
2965 6256
3398 5846
4017 9341
1054 5541
1733 7853
3078 7607
875 5567
327 6087
4417 6929
3820 9727
4414 6335
702 9635
3016 6551
4953 9350
1671 6420
3696 5681
4725 6666
4838 7844
4516 9312
193 8998
3476 5038
1861 9642
1217 7284
1285 8092
1725 8185
823 5279
567 6148
231 7096
3125 6947
245 5671
1168 5140
4357 5623
4651 5993
1030 6308
3349 7210
3150 5087
2103 8645
4490 6481
2403 7811
4644 5843
919 9755
3549 7652
4984 5724
252 9561
1747 7742
942 7025
1620 9642
1227 5528
3695 5899
4290 9132
4482 7531
1608 8226
64 9954
302 5122
626 5740
3326 9246
4677 5848
2780 9836
2318 8447
3834 8223
2708 5677
4677 8148
2776 6675
1232 7251
4205 8808
3418 6434
3976 8284
3418 6082
4189 5199
4668 6758
624 6364
4049 8222
3175 7011
2337 8918
4890 8964
4781 7594
4744 7035
4303 5256
4789 5303
4225 7180
181 6933
4071 5944
4747 8078
1524 9966
3864 5502
3533 5391
2573 5117
3549 7454
4818 5699
4458 6061
4169 8670
4696 6300
3447 6318
3086 6325
4798 5318
3946 6055
4304 9852
3830 5253
3672 9427
2373 8868
808 8095
1676 9831
4915 9068
1117 6958
4673 8671
962 5494
1441 9381
2754 5067
1734 8663
4983 7758
127 7467
3726 8928
2485 5308
57 5492
559 6178
3499 5414
1833 6211
776 6799
851 9805
4016 8385
456 9566
2844 9223
3164 6763
4674 9245
4297 9798
2868 9884
2747 8724
215 7733
186 5268
1721 7642
54 7847
3206 7392
935 8082
1623 7683
498 6094
3291 7205
3614 9349
3734 7093
2520 8581
4232 6605
3496 9217
1573 5325
4467 6951
2914 8631
1462 8780
2747 7078
615 7886
2399 5347
3648 9941
2434 8765
1619 5137
1850 9336
4244 6728
2292 7311
1538 5469
2806 7645
3858 9477
3989 9085
1445 8233
599 5628
3143 8300
2961 8521
3037 5629
3044 7400
4669 8875
2305 9708
4717 5534
2698 7692
4068 6925
345 7264
1005 5011
2024 8580
4558 5547
4744 5424
508 5523
886 7586
2696 9619
1041 7617
4356 8171
1394 8413
3511 6466
1866 7559
3268 8562
203 8738
121 9546
4006 5044
3754 9018
194 5595
1501 6649
1807 9397
2245 9421
2279 5031
1967 9826
1121 7674
1463 6264
632 9810
3075 8954
1925 6829
675 7914
3296 6741
2567 8669
1611 5340
1709 7040
3647 9939
194 7765
1884 5796
2551 8784
2012 9755
2990 7060
1516 9932
1998 5097
4616 5060
1715 8708
1451 5249
601 5142
666 8838
1167 7933
2808 5313
1505 7852
4506 5780
4305 6555
3924 9601
2212 6534
4848 5918
53 5355
1643 8888
2064 9492
1800 7053
4110 8484
931 6925
4180 7092
2435 6421
418 6168
1336 6699
1421 9009
693 8719
2893 9758
3098 6489
4282 5284
287 6894
3866 5387
4873 7382
1063 8941
3241 5842
1423 5382
1816 9840
4499 5784
4117 8164
1415 6102
3435 7075
4380 6111
413 9569
4551 5669
832 7729
3057 9935
134 7587
3716 5353
303 9426
1706 5370
2008 6826
717 8119
1166 6537
3968 5901
595 5492
4086 8608
4036 7958
4653 7863
638 9248
1460 6374
822 6453
3235 9811
3996 8331
1789 9893
131 7938
1855 9622
2715 7571
2815 6446
4523 8680
4045 5890
495 5529
954 8032
843 5393
3569 5532
1961 6431
484 5757
54 5869
3331 5854
4537 6627
633 5683
4743 5970
4794 5617
2558 5497
3509 8176
817 5027
4154 8519
3131 5836
4875 7317
4886 6575
881 7551
2601 5169
4523 9143
3218 9103
1068 5632
4895 6560
950 9726
3460 5132
1372 9603
4162 8040
940 7395
2168 8456
3271 5755
1233 5843
456 6016
4581 5633
3941 8748
2548 9688
4010 9803
1610 5879
1145 9939
4340 6132
2424 7617
2580 5530
2058 5083
4048 7373
3712 9210
2517 8703
4537 9606
327 9337
95 9860
2101 6815
485 6409
227 9240
461 5299
3168 9366
3914 5494
486 9968
648 8753
1472 9600
2090 7352
421 9038
1200 7275
2282 9467
4913 8573
4971 9337
1990 8072
2600 7404
442 9424
490 9057
1312 8069
4198 9120
1212 8896
4363 5986
717 6025
2243 5945
947 5002
3985 5345
4433 7923
3916 8408
724 6968
2972 9205
1356 8164
1335 9094
3455 5523
566 9594
4355 6694
1683 9071
2709 9601
387 9279
1848 7766
4772 8945
3352 5381
4186 9775
1330 9379
1596 6321
1105 6914
1378 8897
829 6207
2548 6006
4317 8251
4033 6099
1162 6777
4564 9605
4081 6574
1318 9671
2719 5468
2570 5657
1808 9235
1669 5784
1548 8497
440 7472
3120 6618
1776 9039
3395 6705
1322 6436
3219 8708
3382 9050
3941 9575
2936 6385
726 9407
1801 9786
2304 6733
3404 5826
3323 7333
2765 7930
2837 6836
1401 7971
224 9324
4060 5109
2242 9914
4210 8625
4016 8044
4329 8277
4483 9994
1342 6461
3945 5803
3478 8270
1160 8088
2829 5096
3172 9137
2591 8878
103 8160
1986 8071
3994 5589
3699 6554
3902 6706
4075 9028
2719 5413
1534 5643
4291 9900
3664 6552
479 7402
2666 5696
3623 9080
1995 8553
807 9266
1144 5826
4668 5587
3308 8997
4525 6037
2970 7379
2439 5673
1310 9961
744 7743
3310 7539
1921 5783
4190 9887
2579 9407
4239 8010
2283 5066
3439 8990
1076 6839
4354 8995
1459 8125
616 6045
2917 5783
2950 6469
3474 5926
1440 8763
939 6111
1955 8823
2307 8149
3514 9561
1537 9587
1063 6778
1030 6103
3931 7231
150 6911
307 5221
3196 6137
1259 9236
4919 9385
4324 6990
4034 6190
1764 8842
4860 9466
126 8382
1943 7489
2865 8687
4685 7839
868 7847
2371 8083
2359 9741
1209 7185
701 6078
1261 9238
110 9500
3599 6993
503 6254
4871 5678
3049 5745
3002 6636
489 8154
1962 8284
4457 5509
1848 7211
4338 7689
2597 6519
4842 6748
10 6495
278 6983
3365 7176
2466 7082
1779 8435
1588 9436
3814 5010
23 7886
3420 5904
3872 9408
189 6276
2238 9581
114 5258
1587 6834
2582 8565
311 6472
4116 6395
3864 8737
3936 8384
2877 7996
1639 8709
424 8382
4196 5629
3495 9478
1717 7706
4954 9045
4837 9784
2139 5564
1817 6483
3869 5638
1221 7104
348 6132
2993 9653
361 7517
1821 8179
4833 9303
2043 7073
1422 8758
1069 5873
457 6319
4484 8011
3168 5512
3911 5141
687 7135
1573 9367
4406 5114
2936 8211
2817 8227
2987 7232
4924 5108
547 8683
1139 8725
1795 6174
3408 6373
4787 6146
325 7333
3851 5126
1446 7441
1781 6667
1538 6270
1848 6886
2961 8296
1572 5864
3805 6569
3110 6243
4947 9233
1962 5613
4501 6682
2242 8996
4221 8754
72 6772
4589 9662
99 6457
1477 5918
1646 9497
508 9824
3639 7239
4028 9658
2701 9171
2769 5233
2016 9793
4219 5270
3443 8603
2773 8522
2364 9663
4056 6795
4682 7268
4320 6395
2007 5452
2007 5438
2317 9296
3597 8881
3597 9028
1889 6547
1775 9092
668 7358
1734 8877
2442 9806
3102 8786
3363 5026
4927 5598
741 8461
2733 9178
4546 7909
2064 9697
4110 5882
562 5798
4312 8036
3718 5573
4202 5177
3410 6731
4993 6152
2000 5550
4442 7409
3223 5804
1839 5366
827 6420
2781 7616
299 7120
4861 9776
1143 7522
57 8782
4710 6127
2420 7740
4749 5938
3387 8126
3837 7987
3114 7501
2985 6072
1854 9585
741 5956
4005 8035
60 5977
2078 9028
1841 5636
893 6182
3132 8231
243 6220
4890 5370
3332 6825
3103 5707
3951 8242
1795 5687
4239 9877
668 8747
2622 6427
3338 8144
2779 9863
2364 9013
2298 5868
2148 8868
1070 8943
1550 9318
3822 9849
4867 8346
3996 9721
373 7669
2463 8531
3330 5993
325 8354
135 6952
3740 5261
191 7295
2343 8246
2646 9988
1270 8410
2215 7794
1961 8336
4169 8143
4414 9443
4484 6300
2040 5535
3900 9673
2818 8063
3200 5668
4463 5023
1731 8867
995 6331
3055 5606
1744 5906
3916 5573
1114 8813
2688 7387
4298 7905
2958 8750
3803 8017
1975 9895
4726 6560
2042 5381
2587 6039
2426 8710
4783 8391
2976 7336
3781 5097
1178 8622
1278 8283
195 7604
2894 9756
1674 9190
4708 7896
2152 9107
3202 6748
1876 6779
2180 9607
3074 6155
4176 7092
1054 5607
69 6966
4909 9537
4012 9613
2071 9169
1332 9224
642 5585
4174 6753
2263 5028
3424 7920
553 6864
4362 8423
3791 8544
534 8371
4446 5971
4650 9276
2576 5868
3353 7416
2401 8347
3293 6373
1673 7698
3568 7837
1290 5963
4705 7292
1613 9692
4878 6850
3073 7383
230 7593
4770 8185
2965 9549
995 5734
2350 6554
248 7748
4559 8158
4245 8690
2798 5033
3137 9667
3295 7820
3077 8935
1835 5238
695 8219
2591 5129
4302 5721
2786 8042
4416 7076
4806 8793
4460 7565
4280 8576
2163 5370
3261 7392
347 5724
2562 6883
3515 6563
228 6469
4476 8031
3639 9911
619 9473
3181 9338
4626 6905
2443 7473
891 5572
3347 9997
1715 9845
1214 9029
1284 6755
1820 9449
665 9877
1078 8514
3390 8638
4933 8394
4014 5494
4231 6012
4791 9297
452 7090
4416 7750
2699 9397
4307 7259
3313 9019
3343 7835
415 7405
2733 5619
1781 8251
2784 9597
1242 7301
4796 6249
430 5626
3770 5228
805 8494
762 7558
1519 9040
333 7682
1102 9141
925 6086
1350 8469
4382 7454
1638 5692
2747 6208
4343 9561
4289 6753
3885 8185
4226 7223
3236 9283
1389 8560
1731 5860
1820 8416
4657 7049
1098 9276
2 6536
1241 5930
4979 7949
4899 7522
338 6164
1525 7085
2810 9458
3827 6540
4634 9676
2220 6086
4920 6803
87 9173
3061 6234
4075 7187
3294 6328
493 8150
771 8289
3192 6093
2258 9550
3322 7419
839 7645
4914 9119
4883 8826
196 6622
724 5838
2948 7962
483 9935
4462 6069
3422 6151
2912 7122
4746 6614
4035 6817
4764 8636
2952 8951
261 9712
610 5984
4787 8450
4581 9109
911 9615
800 9262
3346 8441
2861 7430
269 5857
4955 8809
934 8657
2733 8916
450 9196
3005 6859
4454 5490
2395 5276
1491 7866
3555 5877
961 9956
2443 6918
4547 9549
4524 7071
3492 5877
4684 6046
980 9095
1456 7041
2634 6393
3239 8801
1903 8238
2042 9491
3991 9279
2719 6485
1416 7944
3304 8382
3926 6274
2992 7449
4102 7594
4889 9400
2999 5618
72 5983
1601 9701
3762 5942
530 8359
2724 7251
1020 6016
1147 7194
2783 8642
1643 7965
2242 8517
1996 5372
2723 7057
2234 7680
2117 9717
1446 8683
1499 9291
2491 5304
1411 6257
4654 7344
2523 7491
3180 5295
76 9379
2942 5933
638 9841
4759 8484
1352 9678
2822 7976
888 6154
2472 5875
3935 6293
3692 6869
984 5371
4030 7484
3873 6381
3969 9797
2715 6041
2769 6921
3532 7671
3543 9720
1369 7281
546 7758
1183 8045
2395 5029
1912 9842
1965 5229
1802 7148
1378 8181
2774 7868
4331 7467
4451 6468
3595 6967
2834 8441
3728 8218
1546 5294
1983 5215
4945 8725
1017 6128
2528 8586
1141 8275
497 8725
974 5312
4696 6514
2444 8081
3921 5111
4794 8979
4127 7233
3668 8326
3066 7048
3440 7449
186 8680
4469 8074
3923 8558
4338 9735
3671 6314
2063 5578
3112 5196
3428 8534
2503 9282
2244 5421
4334 7456
3574 6275
3635 8004
3947 6966
4515 7031
2158 5974
1086 6617
1438 7882
4383 9654
3089 7836
1048 8800
1580 5917
2393 9025
4047 8624
4383 9665
3657 7294
2966 9681
1966 8391
2198 5564
907 8788
961 7550
2080 6648
682 6113
4360 6252
2549 7637
2915 6561
4657 6958
1672 9369
1099 5004
4241 6124
3219 6342
3842 5153
4840 8396
1559 6754
4515 5684
952 7436
3364 6262
1667 5380
4715 6937
4163 7553
690 8855
2946 9758
3671 7341
3505 6467
1658 5153
1798 6764
297 9833
3576 9261
3259 9295
4043 7565
3944 8282
4954 5277
2851 8039
2431 9280
1908 5856
1833 5544
654 9299
3414 5462
1171 7227
618 6898
1627 5148
1170 8607
3624 9906
1010 9917
4113 6806
2669 7362
1061 6751
4203 8692
1757 6172
2177 6171
2714 9799
2396 8846
2508 5721
4403 9246
1555 7612
1812 9726
3677 9395
4061 7350
2288 10000
4048 8872
1608 6209
2119 9960
4511 5647
3277 9626
2342 8244
1480 6565
3264 5275
3632 5512
2757 6401
3552 5514
1592 8461
1677 5931
3800 8885
1659 7163
513 5632
2547 8147
1573 5349
642 9090
3836 5310
3443 6490
3202 8055
851 8331
3701 9724
1478 5890
2956 9803
2125 8879
1197 5019
4972 6040
3619 7549
788 7466
2450 8833
4850 5499
1322 6949
3571 8699
1129 8810
254 8048
2579 9264
1001 7329
2959 7866
2556 8304
3830 9531
4103 8859
3816 6470
4520 9188
3332 9096
3981 8737
1443 5645
4634 6005
2745 9972
3948 9511
4615 9017
2246 5732
2917 8421
439 7167
969 6011
2411 8710
1324 9758
10 8008
4613 9328
428 8300
2229 6512
2661 7576
3706 6531
2374 5156
4574 8645
1322 7895
317 5933
4676 7520
1096 6315
3552 6763
3821 7062
2226 6042
3593 5906
855 9359
3909 8812
2534 8217
1958 8865
832 6903
645 7986
593 6803
3180 5626
187 8984
3524 7728
3124 6166
4156 9808
3289 7254
837 6756
504 5279
1320 8265
1117 6114
542 6202
2541 9724
2985 9941
1740 7983
3686 7221
4771 8113
1750 8001
4556 9513
2935 8470
3995 6834
4412 8469
2402 8877
375 8360
1363 8682
1771 8801
4253 9438
1106 6659
3030 9575
4286 7173
1739 7038
4897 6811
420 6828
278 9511
4256 6693
1912 6449
1665 9773
1975 7855
755 7631
2415 8302
274 9918
992 9936
2889 8117
2119 7265
916 8923
3046 9814
3737 8566
2977 8366
3353 8195
3308 9613
4670 6121
894 6291
1211 8989
3258 5255
2473 7893
1438 9544
2193 7217
1919 8198
1559 5125
1507 9939
3775 5794
473 6377
4695 7148
1290 8149
2880 5431
3449 8305
3068 7864
3108 5768
3559 5907
1453 6813
4906 6234
3854 7499
1057 7429
2178 6267
393 8273
1722 8900
1571 7058
2859 6742
257 9924
1662 8196
565 8069
3580 5195
721 5370
2124 5449
1590 8030
2892 5835
585 5071
3756 5834
2487 6607
3869 5324
4971 7691
1271 5753
4772 6791
362 7469
3158 6244
3775 5692
1929 5461
557 9414
1312 5963
1851 6919
2418 9217
4006 7255
4249 6279
1573 9537
1641 8328
1501 5107
4251 9679
2243 6429
550 8559
4894 7411
2224 8902
1796 5344
3483 5748
4266 5946
2934 8590
4559 5443
1261 5293
4346 7268
2704 8799
2001 5601
4825 8389
2380 9162
3873 7707
3929 8056
1929 5919
4473 5979
4457 6850
2158 5942
3590 9043
217 5241
4910 9580
3320 7104
1815 9725
3427 6537
2230 7715
2171 9645
3074 7699
4603 6285
1351 7731
4216 6099
1111 7127
4086 9767
1232 7962
3194 8800
4478 6876
1501 9884
1757 9038
4219 6975
985 9233
319 5673
3894 9512
3750 8077
1457 5618
4584 7595
4098 6187
2820 7565
1063 9467
4736 9192
2155 8145
3049 7892
3361 6818
4170 8215
1128 9983
486 9307
3588 5710
733 5166
4377 5489
2515 9661
2669 6436
1558 6788
3421 6594
2067 9964
3811 8155
1303 7092
4243 7294
733 6413
1504 8492
1417 7279
605 9313
2642 6103
1558 7096
1057 8415
1921 8806
1643 8177
3034 8992
4473 5946
3206 7283
118 5738
24 8943
3882 8479
153 9742
2326 6878
3229 6962
4680 7968
4786 6248
4784 9779
1837 9980
1994 9454
1675 8130
2514 5740
4750 8575
4817 8750
2150 9149
1049 9765
710 5447
3366 9016
921 8224
2700 7495
4529 8719
2506 9061
3542 7111
3508 8065
1100 8891
2733 9832
3292 7490
4350 8436
3987 7308
3679 7524
4150 9047
192 8303
1699 8161
3032 5133
3871 8360
1222 8879
1426 5699
2656 9132
3007 8303
2101 6438
2620 7511
4612 9598
2792 5110
4599 9682
4844 5664
1878 6855
482 6899
2178 8761
3789 9254
2284 9911
4340 7181
549 8674
3371 8764
2467 8752
3511 8680
4641 9394
3150 7495
1474 8599
2354 9931
2218 6488
981 8303
4407 8651
4649 8483
4691 6405
2043 5220
1681 7329
2211 8551
4849 7804
4384 5918
2177 6598
1103 7483
4077 5383
940 6095
20 5265
3355 6995
3042 7234
3897 5824
1216 7391
4136 8171
461 7222
89 6243
3960 9617
4733 8057
3610 7581
1278 8463
1108 8109
4292 6932
2973 7187
2108 5762
2107 9889
2885 9962
1657 5589
3319 8784
3932 6466
661 7439
2923 9243
213 8275
1987 5900
2474 5782
4492 9536
4676 5424
602 6655
4114 6486
2612 7491
1320 6567
3150 5241
80 5553
792 9217
2324 8637
4032 6528
4488 5956
2637 8182
4681 6569
1584 6286
3668 5960
3985 9535
2536 8280
1370 5179
74 9440
2139 6097
3898 7826
3428 5428
4592 5026
2648 9106
1994 9378
3426 7673
2148 9375
726 7432
2821 9295
3113 9314
2928 7343
375 5360
514 9279
1319 7726
2995 9535
1651 6030
2615 9844
252 9693
717 7572
872 7422
3966 7125
890 6895
141 5977
4461 6062
4644 5560
3164 5354
1925 5757
2998 8046
839 9060
2856 6767
928 8462
2605 6041
2683 5514
363 6394
3795 9734
2468 6586
311 7554
4559 9328
4423 7482
384 8870
124 5258
4174 6624
3412 5036
3000 7061
4480 7556
2450 5836
3837 9225
2900 9134
720 9551
2606 9326
827 9066
3282 5104
3081 5590
944 8208
3846 7092
3515 8854
2284 9347
791 6610
1399 9344
4957 8352
1573 7452
257 6598
4876 9325
847 8413
3595 5533
2750 9278
2259 9614
872 7569
3294 8129
1097 6676
4690 9340
1007 7044
458 8950
4536 6572
3521 9986
836 5851
1614 9988
2776 7230
1296 7907
2908 9144
3451 5313
3869 6413
3006 8639
4492 5700
3097 5962
411 8687
788 9890
586 7577
351 9247
3106 7322
4750 6182
4130 9248
4833 9339
4364 7717
70 6900
2011 6238
906 6399
2813 8544
2173 5337
289 8567
3176 9009
3881 8901
2954 9087
3358 5490
1980 7347
4680 5358
4274 9614
200 9674
681 7123
570 9299
3247 6191
1926 6576
540 8295
1029 9056
516 6199
4387 8311
1469 5542
2611 8352
2765 7601
2342 7373
390 9062
4890 5297
210 6138
260 8167
3761 8031
937 8077
1759 6951
1671 9548
2124 5358
2015 5815
3598 7385
3200 5598
1674 5920
2817 7412
3715 6208
4450 9701
473 9883
2311 9385
2621 6673
2378 5641
913 5512
2985 5149
394 7549
3763 5024
2144 6603
3498 8780
2734 9576
839 9917
3754 8441
2547 7895
1872 7215
1374 9387
1850 9200
342 8302
4831 9805
2833 5749
1388 8224
65 5587
2297 6791
2627 5267
3008 7774
1517 5125
4387 7311
679 9328
2887 6510
4860 7121
2804 9672
4389 9063
319 9817
963 6218
294 7378
1758 9717
3590 8697
855 9644
4364 7222
594 6817
4045 7049
1882 9915
2396 5986
488 5486
3136 6104
945 7193
2846 6294
4403 7329
3778 8280
4881 6795
468 8150
4418 7756
2239 6025
1872 7585
976 8304
854 7384
3052 6704
2536 6743
2767 6742
826 6622
198 6415
4412 7227
3824 7611
4902 6875
3053 9767
4674 7278
4361 7821
3039 5163
825 7116
2524 6323
1566 6201
3820 7459
839 8544
2990 7910
1510 7317
1835 6054
2076 6028
1055 6431
1710 9358
1347 7516
3377 9448
3398 5389
4212 5636
1627 5780
4204 6951
1737 7299
1847 8400
4025 7944
3151 9621
3965 5700
1307 9611
4339 8287
1818 6227
4600 6107
282 9670
803 5053
4010 6691
1278 5035
2947 7678
3928 9911
852 6798
4514 9173
2766 8632
2767 6490
765 8921
3073 7858
2065 9733
4555 5511
3846 8170
1988 5837
2538 8539
4570 7038
1461 6545
4582 5311
2825 9896
2818 9731
508 8657
2671 7549
4325 9332
3682 7544
1006 8665
1445 5275
2776 6745
3692 9677
4666 9285
2969 5683
1268 7843
2972 8274
1974 6564
2087 8587
2124 7694
2506 5970
2708 9050
4259 5341
2318 7841
559 8782
1287 5166
4332 9625
1884 7811
3980 6181
4550 6024
519 9923
2874 5977
2106 8488
2208 5269
4340 8561
1976 9534
4312 9653
2856 6043
1534 9182
1914 5491
140 8996
1537 8273
4788 8871
1072 7292
1629 8257
3105 8331
997 9495
139 5605
1602 5737
1670 7405
3579 8069
283 7674
914 6716
3084 7033
4411 5020
2607 5382
4343 7829
3025 8800
2890 9968
4351 5048
3579 6611
2573 5589
2212 8088
2376 7680
528 5449
27 7238
1839 8400
4342 7892
381 7272
273 5447
799 9772
1390 6549
2037 5111
980 7300
4063 7326
566 7574
1802 5353
349 8688
2728 8611
1657 8098
2336 8182
4957 6103
4502 9325
240 6953
387 5256
4122 5808
978 9695
4082 6140
1744 5329
650 6285
2312 5026
2186 5727
4814 7365
2750 7474
3630 6965
2206 6065
3058 7164
35 9875
3065 5765
1206 7405
4397 5650
2661 6927
3021 5716
3771 6837
4600 8093
1043 7010
1120 9269
3186 9923
1073 5376
4669 7118
4993 7523
3806 8518
2363 7858
1722 5611
1484 8480
444 8440
4054 8835
4943 9304
1222 5013
177 6766
1956 8262
3744 9228
331 7931
4336 8482
3400 5899
2794 7387
3215 9117
3919 9858
1526 8319
278 6277
1286 8621
320 9443
839 6627
2995 5062
3011 7219
4117 9694
1657 8865
2531 6196
4403 7782
3938 8387
3556 5216
4409 8437
4598 7397
2318 8516
4338 6378
3832 6194
3220 6654
805 9363
772 6762
2805 7820
381 5698
2237 6579
3386 8704
2105 9999
3964 7216
35 6147
3494 9029
1669 6954
161 7406
1431 8417
2875 9729
2462 9161
381 6602
252 5294
4913 7621
2844 6844
105 9819
1409 5374
4387 5216
4620 9403
4978 6341
2262 5935
2614 9203
4099 5293
760 6036
4481 7773
4174 7932
421 7533
3264 5509
4819 6434
4106 5534
625 6794
2944 5007
2712 7733
599 8390
4202 6799
509 7446
2347 9657
233 5416
3281 6749
1495 8752
1586 8850
494 6843
3172 9863
3856 8421
4170 6009
759 9976
683 8387
1666 8450
4682 6629
414 9871
3460 9291
2926 6372
4256 7885
740 8655
3426 7147
4686 7585
2225 5817
2179 7189
1355 5439
2285 6183
4049 8702
2555 6736
1606 5670
1121 8430
840 7524
520 7943
1904 6571
998 6604
2415 6941
1275 9579
4221 5292
145 9067
152 6099
521 8667
4927 5742
3350 6464
2549 6494
3719 5313
1433 5045
1166 6101
28 8373
2813 7017
2221 5856
4848 7147
1466 6375
2031 7066
337 7583
4613 6233
2984 5677
4473 9823
675 6908
876 9445
1713 5967
1887 6559
1821 9643
481 7687
227 7622
3191 8869
3921 6509
4588 9344
3068 9421
4268 5494
1540 8826
2666 9968
1013 5873
4974 6801
1574 9935
233 9608
3245 9713
2112 6450
1710 9132
3059 8437
4330 9037
646 5706
1412 8402
4447 8417
301 6335
2962 8930
2609 5286
1129 7348
315 6654
1547 7123
2870 7350
1441 8323
2116 8885
1537 5617
4046 9708
2490 8814
342 7911
535 9861
1526 8823
695 5417
1577 7112
877 7780
3564 6922
885 9278
4226 6853
4981 9956
3127 8079
1574 5184
245 6891
2378 5402
3802 8776
446 6235
811 5029
2731 5916
2395 7373
2290 7034
2497 5175
643 7970
2288 6215
3214 6072
252 5279
1217 6999
3847 5418
2794 5399
4751 5029
2514 7723
4214 8397
3028 8041
3849 6402
1221 5086
3451 5145
3400 9116
3235 6736
2005 5343
1718 5427
3200 8374
4876 7046
56 5885
3715 6762
4885 8634
3571 6927
3898 9728
4349 7854
473 5382
394 6293
4423 6940
637 7922
3592 7379
4258 9603
1706 7810
4737 6072
2953 9820
738 9609
2986 9676
4395 9466
3465 7189
4521 7948
659 5198
2327 9191
969 6980
3207 5781
4082 5998
4760 7966
4683 8440
2571 5136
2431 5722
3833 9137
635 7056
2609 8489
4580 6448
2069 5743
4871 9760
2799 5655
1551 6057
3819 5195
1044 5598
897 5208
3047 9442
1469 9826
530 8864
1658 6897
3125 9459
1977 5872
1456 7270
1661 5549
3811 8550
1674 9237
2863 9724
3166 6854
3060 5855
1481 6012
4614 9084
4001 8978
1783 8485
4559 6893
3830 8972
90 6198
3716 6131
529 8099
2117 5254
2134 8136
3113 8266
4132 6618
2177 7662
2228 7330
1176 6742
2002 8161
1910 7133
3891 9779
2559 7781
1305 5318
1552 6329
4068 8329
4769 6725
4744 8671
4814 7644
4144 6833
955 8252
467 9761
4233 7267
3498 9337
2107 9366
2989 7767
594 5808
292 7369
3046 8300
3933 9054
4335 7803
962 6691
4248 5178
4136 9079
3570 9310
1955 9596
910 5643
1339 9590
1582 9993
4948 8641
1835 8391
2577 8233
2664 7561
4729 9966
1452 5502
3080 5024
524 6205
2552 6113
2905 6311
818 8220
4942 6872
828 5973
2296 9183
1857 9544
2131 8763
2243 7630
1549 8752
743 7800
4916 8777
3928 7016
4715 8818
4841 9460
3974 8713
2687 7377
4656 8171
2866 8493
4313 5352
4274 7574
1752 6753
3548 5740
2887 6138
4682 8305
1484 7266
2630 6323
4924 9113
4048 9334
2998 5269
494 7565
4228 6939
3140 5518
1152 9697
4411 9664
1474 7116
4450 7745
1132 5957
2963 9621
1843 5419
4783 7966
142 7256
3795 9904
1691 7569
3674 6869
4259 6796
543 9510
3007 8397
580 8986
4112 7168
3012 5694
1850 6421
342 9447
2389 7609
1686 9193
4746 7637
4061 8496
3735 5961
1478 6670
3961 6599
175 5834
3155 7754
145 7469
2440 5680
3990 5332
1162 7811
2856 8179
3987 9416
3731 7402
4837 8336
514 8937
521 7013
3035 8171
2817 7733
3140 6246
665 9183
282 7073
1028 7402
1795 9906
3655 5758
3408 9140
331 6202
2253 9056
1898 6641
2011 8345
1740 7283
4490 6869
3317 8615
3263 8045
4872 7149
551 8015
1107 8490
4490 5880
2207 6099
4162 9284
3131 9424
2741 5785
2125 9181
75 6058
1289 6443
4726 6649
4487 9412
1344 5610
1416 8268
1167 8012
3634 8260
2836 5501
800 9779
2535 5798
4546 9030
4696 9947
2902 5403
620 8792
2893 6209
44 9122
1076 9931
632 9964
2597 7024
4527 5990
1504 7211
111 9853
4456 7033
1981 7177
765 9090
3514 7886
4169 7270
3499 7483
259 9005
2447 8459
884 7507
3492 5345
1968 5426
2768 8924
1921 9283
2921 6146
3934 7163
3474 9109
1434 5463
2906 9726
4068 8536
669 8564
3102 8358
463 6167
1248 7734
932 8854
68 9019
546 5058
2617 7278
2510 6302
1759 8750
2566 7763
4490 8941
578 6929
4000 7364
1203 5494
4171 8417
2990 8357
1708 5017
412 6897
1734 6586
2390 9959
4304 8917
1740 7131
2343 8994
4930 6127
2058 9445
3651 7773
3281 8883
4028 6816
1548 5939
2249 9927
1637 8497
4315 7139
1557 6661
4310 5873
4204 8902
3978 8729
2179 7617
2061 5844
1489 7156
4189 8254
1391 9845
4542 9983
4705 6899
4351 7302
3268 5902
4873 9599
2203 7146
2150 8568
2882 5044
1832 7303
1286 6533
1021 5615
2595 6509
4712 8395
2622 5024
3390 5213
1909 9069
4975 6604
3122 5431
4764 8347
1016 5454
2779 5931
4612 5485
1901 6586
75 8421
855 8459
2760 7752
3891 6917
65 8683
2182 5158
4660 5647
4318 7139
4251 8957
1342 9988
828 8015
3510 7287
1229 5990
1652 8550
3847 6519
1290 6658
1584 5384
4910 8931
4113 6511
4482 6118
4614 5228
634 9775
1190 7375
1815 8585
656 5009
3686 9271
1880 9338
3966 9922
2107 9764
1435 5937
3150 8546
494 5998
4865 6378
2925 9819
1449 9544
485 9940
4221 9737
1851 8089
1373 7891
3621 7513
4560 7149
2469 9614
2405 6026
295 9554
8 6865
4336 9890
3414 8415
1863 8828
4796 8290
4374 8110
3016 7878
2343 6782
2235 8499
1295 5775
883 5237
1962 9408
3872 8139
1015 7155
4953 6811
41 8849
677 7683
4150 6410
4029 5121
3848 9422
2229 8317
2460 5481
253 8204
4710 8110
3817 9395
4127 7657
1428 9571
3517 6450
2957 5930
4131 7470
1342 7158
4684 8625
3586 6052
3818 8245
3198 9991
4521 5205
1364 9968
2648 7026
629 6936
1885 9285
188 7665
741 6105
2262 9825
3108 7023
1746 9506
746 5411
1079 7326
3757 7193
471 9823
3923 9842
729 5078
4856 5562
603 5816
361 5709
3746 8064
3329 8987
2021 9733
2791 9450
684 6232
277 9475
215 9063
1934 5123
4080 5446
4861 7618
1543 7694
781 6574
538 8563
350 5506
3354 9231
1496 7897
3289 5360
995 5732
2144 6553
1965 6169
425 7677
435 5383
3165 9005
88 8105
2877 5540
375 8047
3501 6873
2416 9372
215 8683
3155 9129
1164 7772
1442 9247
4156 6163
2469 6937
4270 7264
1261 8674
4755 6245
318 5149
3786 9498
3754 5709
2506 6050
2116 6474
1282 9417
3969 7579
2032 7607
4258 8563
3457 9861
3958 9576
3326 9296
4694 6009
4045 5546
3466 9099
3225 8042
1268 5133
2689 6287
4112 8593
2369 6656
1477 7563
1718 7574
1349 6792
2011 8045
4017 9843
63 7694
106 7027
27 5755
2090 6932
1665 8848
506 8144
1783 6742
4183 8719
3874 6917
1599 7209
4537 6835
2607 7054
3328 7583
2101 5884
4881 6183
4275 9926
40 7497
2114 8762
3583 7193
558 8017
3834 7311
2542 8907
2890 6192
4958 9361
3239 7246
2833 6469
4117 9864
2533 8238
3115 8312
2200 5827
2641 8668
3817 5082
2837 9628
156 6257
2158 6454
511 7431
938 8704
4554 5445
1083 9684
12 8718
2725 6849
2724 9740
2617 7144
1160 5116
1781 7555
1785 6796
1642 9679
632 7192
161 5954
2329 5007
111 9403
2508 5987
4645 8797
1931 8243
1458 5658
130 8608
4694 5741
4880 5859
1275 5839
4751 8241
890 5009
2022 9806
4936 7720
3983 9476
2758 6523
1057 6019
4329 7673
17 8350
4499 7521
1357 9782
3997 5580
4228 5697
2361 7460
1638 9351
1333 7933
3678 5870
2539 7183
1454 8666
624 5383
1149 8865
1880 9390
2700 9768
635 8384
3493 8702
1909 9895
3366 7084
2865 9130
4472 7587
2379 5420
4852 7931
3900 8183
752 7715
599 6295
4116 6877
287 7389
4185 6601
2399 8099
2931 6402
2227 6370
3326 9621
3994 8147
389 9537
3482 6666
1872 9428
2920 7186
4981 6247
3578 7345
3805 8366
1040 5788
3590 9027
2621 5012
3549 9996
942 7830
606 8465
4605 8850
938 6865
4649 7766
4817 6251
453 5368
2771 7088
3273 7528
3263 6785
4770 5369
4681 7245
205 7774
306 6601
1132 8876
860 5420
1751 7331
1856 7808
3786 7069
691 7612
2905 5401
315 9368
2103 9783
748 7196
3722 8987
325 6120
3144 5701
4953 5004
3726 9767
3434 5859
375 9622
4481 7900
4901 7915
2540 7965
3252 9278
960 9118
3866 7038
2065 7779
2484 6145
1694 8146
2604 8637
3945 9736
4721 8845
760 5536
4971 6962
1723 6203
1607 6753
1457 5748
1546 9607
2854 8107
1883 6838
4732 7449
521 6354
4407 6348
1737 7535
651 5490
3593 7043
763 9073
1838 9909
2242 9880
4216 9140
1633 5529
1400 5966
1451 7742
767 7467
4474 9910
3183 5306
4869 5964
1091 7328
919 9472
4849 9786
1277 5869
1433 6043
2220 8604
2810 8859
49 7748
4071 6873
400 6082
2990 9605
3318 6232
2628 8738
4080 9495
3854 5721
3010 6229
1425 7032
1730 9111
2001 9922
2636 8879
3958 6512
3476 5575
2899 6267
4820 6726
1038 7150
4828 9451
3080 8456
3294 8942
488 7537
4926 8695
4043 9320
1268 8298
2717 9384
2127 7131
2345 9569
2506 7596
447 9360
2547 5377
17 7436
42 9863
4741 9556
1389 8437
4884 8827
4663 8468
1854 5294
4529 9258
1605 8831
2312 7883
637 8332
568 5690
2019 7745
988 9306
1294 7539
1939 9903
2267 6821
1129 7487
1954 7349
455 6745
747 9593
1262 5804
1008 8262
3865 5857
3043 9805
2001 8590
80 6606
3654 5867
1295 9106
1143 8832
4048 8421
1947 9488
4014 8630
1913 5004
1720 9918
4718 7400
4266 8806
2821 9988
1068 9824
3173 6091
548 8909
1793 5821
2225 5170
66 7616
3421 6989
3546 9858
3956 5916
4268 5149
2424 8891
855 5215
2334 5585
3751 6297
4689 8352
483 9679
3899 8358
1254 9937
2544 9976
163 5737
3846 5745
4029 9381
3895 6280
2839 6250
3383 7491
89 6060
4091 7154
4149 8466
2882 8596
4546 6313
4566 9756
695 7476
397 7128
3906 8467
3905 9452
974 5923
4357 7846
126 6035
1130 5786
95 8935
2909 5405
3329 9781
4038 7341
226 8167
404 9522
1053 6153
4444 5309
3824 9366
1161 5916
1944 7186
2548 7874
2863 7775
2507 9438
3385 6099
4255 5483
1894 5193
147 5113
3979 6588
3125 9348
3710 9136
1143 5593
4057 5014
2243 7123
3542 5874
4451 8176
321 7104
2213 9351
836 9200
4680 6029
2484 5383
3155 8712
3979 7644
3840 8213
4702 7443
4633 6732
2845 9491
3072 9137
3210 5847
3859 5835
2317 6205
1201 6288
570 5510
1281 9607
3799 5388
3924 8249
4265 6507
355 8720
3623 6766
120 6144
2817 5224
2480 5983
3970 5581
1803 9324
4886 6474
1122 7315
3644 5512
1808 8593
2624 7219
1441 8433
686 8168
4851 7910
1373 6259
4782 9442
3262 7461
2931 9286
3585 8701
2311 6719
3364 9434
102 6931
4957 9209
943 9620
388 8857
2249 6248
1344 8168
2839 6252
202 7105
4570 5567
4071 5336
4346 6676
2879 8213
1276 9386
2253 8142
1846 8198
1101 5219
826 6402
533 8125
317 7674
1029 6405
2306 6085
3396 8423
4298 7904
4326 8221
4439 9852
1240 5019
2326 7920
871 5656
3023 7496
1699 8172
4786 8830
4073 7859
3820 9123
3226 9260
2437 9512
216 6548
3045 5551
1521 7601
3705 8324
27 5960
971 5172
3287 7862
323 9294
2298 8049
2193 5088
4810 7418
3073 7553
929 9231
139 7703
3834 7759
4334 7658
2355 7708
4360 9732
1291 8507
3174 8304
833 7502
3526 7347
4411 6648
3196 7966
3761 6566
3178 7609
2237 7383
2515 6425
4390 5118
977 5549
1955 8979
3446 5568
1080 8092
4815 8556
4156 8239
749 5652
4718 8947
1056 9264
3290 5225
3992 5609
1865 9110
1038 8675
4556 6888
3297 8823
3291 9963
514 9681
2015 5380
3632 6330
1975 9785
2826 8046
3189 7146
4042 6852
1640 5142
4595 6764
685 9859
2106 5667
3956 7006
2119 8680
89 9830
335 6280
3419 7746
2744 5821
1515 9723
836 8387
521 6031
1376 7673
2166 9182
4158 5258
2664 7278
4548 7608
3062 6979
3034 8332
886 8691
1808 5437
3232 9062
3747 5773
534 8601
1430 9050
3524 9435
2402 5766
4181 7945
4192 8715
1954 7695
807 9421
435 5674
3978 8745
1183 9314
2753 5685
4279 5234
1008 8472
1514 6912
1200 5287
347 5524
3220 9136
4265 9550
347 9191
4190 9392
2316 8987
2044 8336
1777 8714
1388 6347
4734 9675
1026 9358
3570 6678
577 7701
4017 5989
1703 9603
874 8747
1719 7089
15 5138
977 8057
1738 8689
2865 9834
1710 9902
477 6515
479 6547
3687 7123
4641 7268
118 9050
2382 7059
3483 9931
2085 8673
2425 5428
862 7661
4244 5152
1998 5371
1907 8831
4741 6352
3407 8064
2194 8328
4511 9115
4776 7771
41 7867
2361 9547
3323 6524
2984 6519
3629 6099
2531 7834
1341 6892
1553 7992
537 8574
4578 7352
3216 5175
4729 6051
987 6108
1375 9453
804 9934
3874 9852
427 6041
3316 8867
535 5788
1275 8135
3951 6574
2129 8989
3159 8206
2536 6368
2223 7353
1328 7052
3278 9091
4804 6333
709 6429
1463 8803
326 6505
589 8476
3966 9916
3098 6459
4018 6031
2153 6679
2083 9211
3944 7635
1333 7639
3149 8088
3693 5879
4429 8310
2985 9595
3347 7839
573 9603
4492 6662
2637 9523
3181 9772
187 7995
3638 7188
3704 7987
3203 7347
1006 6538
685 5938
1114 7645
18 6075
3019 7180
3838 6876
1672 6884
308 9649
2048 9747
4675 7134
1157 8076
4243 6990
484 5126
3813 6801
504 9602
2505 6339
3249 6803
1397 9262
1115 8463
964 8271
2578 8593
2982 9661
2597 9992
3614 6637
4509 7234
4323 7723
1142 7476
3387 6370
703 7553
3568 8858
4801 7131
2356 5498
4153 5507
1995 5785
2810 8484
1861 5748
1545 9697
4062 7484
1427 9763
4812 5659
2806 6235
3740 5051
287 6320
2293 5318
3677 9570
1891 9258
217 6363
1824 9655
1583 7386
2556 9307
3519 7152
4039 5128
4514 5109
971 8886
4046 6421
4056 5619
4984 9035
844 8969
3901 9632
841 6851
3793 5546
480 5419
953 6390
656 9008
4792 8081
3987 5953
4922 8553
4927 9935
394 5374
3339 9639
1719 6028
1735 9617
1977 7226
649 9427
693 6949
1382 8856
3154 7889
3248 7324
3426 5591
633 6862
368 8803
4609 6857
4588 6946
3158 6106
3301 9539
1057 5748
4844 6310
4499 8046
4171 9066
2651 6525
3477 8918
834 5417
1164 8214
4887 8596
1942 9230
576 6338
4954 8528
4080 5741
1236 5481
4817 5112
4138 9447
4247 6275
1732 6454
205 7034
718 9107
1122 7035
741 9999
613 6846
89 6008
1249 9622
4260 8680
33 5197
578 8960
3299 6422
860 7946
906 6679
3887 8528
4117 9369
1269 5006
1877 5787
3572 7992
2531 6292
3 7905
27 5033
4930 7905
1760 6307
1636 9664
4472 6895
4403 7607
3238 9543
2314 5924
1458 7497
26 5292
2811 9785
2812 7711
4156 5118
1941 8383
4928 6857
2657 8279
4804 5561
374 9612
2543 8138
4675 9153
3951 9665
1515 8418
419 7036
3471 6950
3483 5195
2406 8478
3475 6712
1888 5631
1108 5461
3676 7560
3571 6613
3472 5235
3989 8762
3351 9714
2303 6130
1414 9351
4307 7507
1588 6686
2800 9097
1726 8959
154 6767
394 7877
575 7785
612 8253
2153 6235
1541 5953
796 7577
4669 9623
1530 6862
464 6083
3057 8390
4577 7053
4760 8828
2490 7536
2132 9368
2201 5139
1195 9049
1370 9878
3065 9161
2991 6729
2133 8917
4283 5096
570 8945
844 5328
2152 5862
1465 5752
17 9009
835 5954
4766 6132
3899 5852
2630 5338
3904 6594
1459 8654
1622 6765
4081 5404
3895 5088
1830 5077
2479 7870
3006 7391
3415 8534
1340 7300
1840 7769
2794 7208
3855 5944
4622 6472
351 7645
1434 5809
3406 9134
1398 7742
1566 7064
3705 8024
1156 7168
1116 6315
2118 5244
4574 7688
4247 8613
3211 9375
2692 9884
4950 9644
4920 5114
1909 8676
124 6853
1408 8144
2332 7804
3907 6344
1649 8412
3337 9958
1546 7898
3625 9074
3745 8377
4482 9029
3304 6195
2383 9413
2274 9768
1283 5446
238 6225
4045 7014
1264 6162
1279 5235
1157 8202
4845 8928
912 7140
4349 5552
3231 5498
2378 7399
2383 6265
3905 6384
136 7443
3820 6684
424 7468
107 6550
1450 8825
2909 7670
2386 8888
4860 5366
898 7538
1590 8333
460 8609
2978 7392
1718 9384
4967 8141
4850 5528
4605 6951
4819 8855
3820 7954
2768 7186
3308 6135
4203 8717
1879 7431
4979 5544
206 9723
861 7264
3536 6812
3746 8931
4719 9704
1686 5203
867 8153
2629 6346
1155 5609
2779 8431
4141 7575
271 9170
812 6016
702 5966
2996 8522
1857 9884
3894 5093
1258 5034
4810 8221
4553 9884
830 9095
2555 8921
1096 6331
4693 7640
4161 6513
1397 6510
2459 6207
2386 7395
2705 6056
3229 9407
3368 9685
143 6915
947 8949
1279 5512
261 5097
1680 6171
4499 7286
1405 5246
1199 8136
324 8128
1755 5756
1942 6709
3744 5897
2906 6380
3287 6308
4193 5960
700 7484
2260 8621
1846 5929
1224 6991
3194 5882
4915 5391
1073 5966
4582 7232
2527 6306
2645 5473
4592 5140
4946 9789
4959 6325
4087 7962
1982 9195
2478 9174
937 9814
4352 8618
4964 7341
1172 6279
92 5108
1534 5799
588 9494
1107 6018
4368 9394
1568 8291
1390 8368
3320 9553
3376 6124
3367 5092
379 8757
144 5670
3024 7726
4344 8181
4868 9355
4042 8708
1527 6105
644 5496
1359 9479
336 5952
1465 6979
3288 7122
1 8604
3916 6991
3355 9075
3211 7276
3942 7433
488 7993
4261 7808
1645 9726
3805 7193
3990 8729
974 5856
4592 5476
710 6438
2587 6239
520 6248
3800 9629
4299 6726
4959 8843
2059 9585
1164 9080
1346 5086
3939 6804
2204 6256
1453 7062
1288 6990
2898 5314
1535 9564
849 7835
69 7761
2927 8270
3889 7700
4800 8363
2289 5826
4443 8731
3318 6920
3589 6667
2361 9658
3194 9777
2999 9575
2255 7452
2724 7326
2298 9877
2960 5401
481 5387
4982 9417
456 9916
3186 8882
2802 9756
2185 5192
253 8368
4259 5658
2396 6775
2528 5157
2729 9969
802 8333
4987 7240
2776 5279
3169 9114
4703 5093
4124 9778
566 8920
1032 6413
2762 6745
1584 6413
1768 9033
2272 7135
2849 9745
952 9083
3322 9771
948 6413
3229 7639
4432 7290
91 9447
1303 7117
1600 5933
2090 9162
46 5603
3177 7816
1761 8375
768 8021
4587 6777
4855 7346
115 9215
3741 5537
4795 8583
3067 8899
4997 7463
30 7080
1237 8513
850 5268
550 9097
1574 5092
982 6616
4879 8801
846 5903
2917 7448
2340 8618
2963 8829
2877 7532
669 5653
4551 7453
3544 5821
4011 8076
2735 6712
1874 7308
3909 6208
2433 7308
1643 6441
726 6098
2693 8149
4575 8646
3120 9196
1937 5573
2659 8539
4525 6028
4655 9688
1195 8369
553 5035
4853 8274
195 5997
4077 7839
4470 5118
3910 6077
426 7590
2432 8197
1642 5806
1433 9178
226 8728
4477 9168
2472 8233
4794 7298
121 8794
4909 5450
4839 9150
3344 9867
2814 9861
3760 6380
2804 8823
3397 7691
973 9606
3679 8332
1621 7667
1531 8488
25 8515
4447 9929
156 6229
1568 9862
3568 5937
2765 5001
3687 7906
4186 8545
4564 8056
3708 5814
4045 7611
1161 8220
2440 9623
981 5768
3943 7893
2555 9003
1537 8049
4870 9416
664 9079
224 9544
4669 7628
4854 7891
1910 6055
4919 6280
4695 5162
3622 9207
706 6565
3491 7955
1971 9131
3898 9801
3127 9400
1576 7285
1245 9330
3892 6082
2156 9533
3653 9164
1967 6019
3650 7019
2993 7313
2978 5371
4483 8739
1740 5608
4097 5331
3640 8294
202 8722
1999 6384
2820 9613
1726 8399
2985 7038
164 5533
2566 5662
4614 8670
2689 7812
1392 7285
3420 9838
4077 6790
2192 7174
1263 7739
3468 5437
1663 5429
1775 7399
3412 8929
4805 6079
3189 6669
1931 9940
4835 9964
747 7044
2098 9687
1104 8346
4475 8700
2300 5467
4236 5144
4338 5167
4644 5653
205 9812
3620 9738
4462 8967
1628 6909
1016 7687
4551 8969
2740 8352
655 6879
2386 5321
3570 5840
4673 9272
2996 7843
2272 8862
2087 7792
1247 9354
2147 9372
2521 9386
4091 5724
3692 9050
4297 6145
3627 6806
1618 8565
571 5991
770 7414
2204 6579
1637 7580
2526 5223
4332 6467
4211 7360
4419 6510
523 5876
2127 6171
3963 6447
951 7390
4997 5241
3710 7942
1717 5229
1341 8255
1683 9828
2533 7746
4911 8628
647 8501
4887 8224
3744 6065
2882 9681
4912 6460
1555 9870
745 9729
312 7673
3343 7507
4787 8524
1756 5396
1386 6992
4133 7019
262 7023
1304 5445
3570 6583
1106 9724
2531 5700
16 7987
1007 8195
241 8853
4736 6481
2368 7305
404 8430
4001 5151
409 5722
1530 5805
1002 6392
4047 5186
4501 8066
1632 6618
2066 8938
2677 6948
3786 8980
3076 7493
1781 8454
3230 8784
1712 7860
1155 9275
945 8875
1586 5061
3160 8805
1017 9311
4443 5465
3755 9391
2474 8569
497 9455
4311 7840
2728 9808
3262 7892
2634 9727
1494 9965
4693 7844
2592 8175
3780 6860
1077 6699
1004 5619
806 9059
310 9889
3679 7351
3907 9463
1567 6770
3146 9775
4979 5390
4249 9064
1730 9741
1389 7523
3326 8072
457 6106
4625 8285
1944 9259
4825 7264
3129 7296
4509 5060
4754 6174
966 6928
3491 6880
4221 7034
3437 9379
3182 9700
4182 5812
2545 8323
3946 5326
3133 5582
4039 6123
3779 9298
713 5147
4608 8833
1018 9909
550 8081
3964 5522
333 9035
4497 9884
1261 5227
1807 9525
1986 9175
336 6604
1475 7602
465 7910
3284 6570
3494 6237
1862 5495
2904 6746
459 6356
3284 7479
1361 5785
2055 7860
408 6150
1589 6631
1507 5223
2835 6296
3759 5489
3283 9121
567 5402
3625 6785
4701 6759
4863 9754
4179 7828
1223 9095
2257 9330
4227 8688
2818 7438
3354 5354
2169 9369
303 9765
2180 6630
805 8511
3110 5861
1835 9447
2399 9065
4763 7431
3256 9681
2543 6054
2538 5966
1824 7760
4623 7889
3229 5743
2420 8249
2555 7443
2388 6338
1056 7314
256 6667
4867 6042
4313 7425
2015 7480
3747 9433
2310 5868
4350 8284
2979 5143
285 6244
291 9461
274 6420
704 5567
1832 5794
3206 7866
1243 5094
4235 5117
1149 6503
4392 9091
3329 8190
1999 6713
1230 7414
3030 5612
2894 9519
112 5481
1108 6454
2934 8757
492 7401
1696 8257
2163 7341
3370 9729
4223 5365
4379 8269
3466 8225
179 8421
2582 8430
4141 8621
524 5051
4336 8786
3854 6461
1452 7817
4972 6426
2367 8773
4063 9047
3299 9701
3633 9617
647 6624
79 6728
3781 9578
2757 5252
2158 5824
1208 5982
1306 8582
2615 5600
1720 9040
2542 6885
3505 8843
4358 6161
1873 9767
4126 6455
399 7766
4447 6413
1177 8578
599 6515
2762 5177
4985 8095
4208 9522
1622 5056
3348 6226
572 6426
3961 8272
4665 6985
4471 9958
1439 6839
964 9814
3798 9186
2113 9602
1618 8443
3300 7463
4676 8637
4521 7395
1274 9436
1455 9656
2411 7039
3939 7749
3834 5397
3072 5102
4248 8895
2305 7681
975 8276
2265 7254
636 7113
4210 6184
21 6984
4483 7515
2810 7915
2615 6397
1497 5644
36 5816
4556 5503
4958 6228
938 5635
1249 7335
412 7516
3573 5252
2645 9807
1798 7753
951 5633
4259 9333
1586 7358
2082 5364
1408 5532
2367 7346
3816 9587
2346 5015
2819 9926
440 5772
4084 5702
2940 5609
2258 5157
339 5395
4840 9627
4334 7123
2690 7123
1565 6834
3559 5742
1996 5478
3463 6752
4449 5701
2613 9537
4322 7451
2662 7901
447 7360
4181 5348
2240 8492
4281 8573
2901 7670
2710 8016
1227 8963
1275 6762
4645 7672
3531 7357
1684 9431
386 9475
4058 5352
4957 7572
1367 7492
2998 5884
933 7917
4610 9393
3456 9895
923 6389
371 9145
1864 6638
2402 8274
4489 9450
3705 9685
727 7916
3755 5576
1462 6056
2407 6258
4875 5630
1855 5879
3662 9261
2017 6094
325 5799
4387 6095
4807 8124
4237 6823
559 7627
360 6639
2357 9532
1858 9552
3561 6301
732 6340
3816 7257
1003 6143
1083 8009
522 8844
2993 5893
1095 9326
1528 7423
4718 7214
360 6397
4591 8244
508 9818
2230 5134
584 9347
4326 5584
3352 5687
2148 7059
4674 5033
4809 7562
1965 5732
1372 9929
4329 8552
1655 9441
2671 5997
3816 7398
1757 6517
2350 7389
2747 7627
1562 9696
2325 9137
3032 9352
2032 7169
4084 8313
2583 5433
342 5500
277 7082
3829 9062
2082 6513
842 7219
3345 5809
4106 7000
1063 9233
283 6301
2728 9772
1205 5663
3533 8232
670 5485
4788 9134
2067 9818
4211 5010
3078 8883
500 9002
1741 8396
1468 5576
4315 7341
2146 8584
2444 9825
4092 8491
290 8281
1648 5985
2481 6078
4432 8512
1460 5630
280 8975
4015 7832
2057 6834
797 5683
3531 7901
721 7232
3181 7005
1600 6722
2054 8632
2284 7826
2376 6029
4889 9154
193 5985
4333 9917
4735 5915
3882 7846
409 5281
430 7244
746 8919
714 6350
1411 8689
2971 7540
4773 5940
3803 8439
2360 7453
1033 9042
3765 8267
4123 7149
4318 6839
946 5915
3615 6044
3233 5217
3508 5997
4967 8061
3768 9534
2808 7156
2148 8855
4445 9594
601 5933
3131 9451
2058 8204
14 7505
4115 9552
3499 9755
1186 8103
1823 8637
2012 6053
953 5761
1801 7035
2793 7527
371 6832
3906 8593
1409 8325
1981 5665
4486 6808
3272 7838
3057 7227
3382 6116
17 9533
2659 7858
2291 8823
1182 7491
4862 5320
4553 5303
4417 8805
980 9674
1566 8197
4222 9940
196 9061
1166 5675
3957 8989
640 8120
2180 7808
3252 6547
4940 9871
2714 5230
2269 7974
4162 9933
3598 9252
3278 7102
1396 6850
2782 6776
2041 7468
3316 8710
718 9452
44 8025
695 6158
338 8539
4845 9644
826 6904
2218 8237
2518 5421
3274 6368
3598 9003
3547 9926
1283 8771
4198 8421
4354 8257
200 9582
1491 8193
2619 6211
3979 8210
2890 6956
4003 8728
1113 7340
2440 8823
3359 7235
1452 8717
4827 6638
1398 9290
518 5633
2419 9269
1397 5266
3359 9488
2877 9051
1278 7298
4179 7137
2195 9113
456 6588
1446 8656
2532 9218
2040 7488
2084 8274
3481 6854
1986 6572
1498 8893
1542 9749
2597 9357
1809 5837
3180 8858
421 6587
3569 5646
4194 8077
4785 9901
3277 5820
4056 9820
909 5018
4704 5485
4024 5164
4252 5276
3811 7690
1686 8327
1730 6130
3567 9311
4642 6531
1814 8372
2136 7974
3885 7441
4085 9900
2537 5298
313 8873
3010 9700
2604 5258
1527 9185
3363 6439
711 5152
1106 6674
1201 7769
1542 6589
2112 6134
3202 8230
26 6854
4680 7893
4559 5303
4340 6409
1596 7682
2422 7815
2224 9285
3726 8747
3677 5386
3977 6970
186 9532
3998 9657
4082 8036
3355 5801
3228 8306
3684 7349
2519 5776
3490 6806
1672 6491
2522 8598
4443 5298
2302 6564
1865 8752
1643 9063
1532 7907
1950 6011
1808 8902
260 6720
3525 6655
2443 9135
4438 5511
879 6809
3376 6736
1457 5323
358 6853
1432 7630
1176 6240
1462 8776
1809 5747
601 8705
1902 5386
3961 9643
2460 5462
2795 7421
3803 9241
2764 8932
3149 5616
2506 9465
3568 5682
3365 9498
1071 8021
4164 8473
3491 8500
4836 7462
1220 8850
933 5636
4562 6249
4040 8097
4980 8819
2152 5027
1184 7496
4199 9170
292 8424
3595 5311
2025 9700
1173 9359
1741 5746
316 6500
2391 5038
4361 6837
332 8686
1805 7723
1053 6087
280 5517
4562 9653
4984 6345
2310 9237
1876 7241
3896 7175
4966 6661
3253 6961
3244 5158
3936 5792
1939 7774
208 5500
3039 9426
250 7985
1921 6771
1866 9137
4880 8881
558 5780
3618 5013
2175 6898
2216 5861
2644 5703
2429 7682
1262 8916
957 5436
645 7631
4831 7630
2211 9921
2438 7674
4309 7606
2356 7175
2794 7197
395 5806
2304 6675
4933 8661
4055 6657
2180 9022
4358 7788
1878 5567
2932 7406
3343 8199
4444 5627
991 9287
3178 7362
3656 5544
4524 5413
1982 8486
43 9238
3698 9489
227 7897
428 8667
4378 7932
2519 6866
4909 9320
1366 6397
1433 5911
1544 8662
2870 5336
3710 6440
3819 9854
3075 6390
175 8607
2029 5317
432 7986
4529 8252
4630 7610
1418 9530
2739 6453
809 5331
1431 9905
2004 7760
1768 9283
1540 6587
4402 8317
596 9172
951 5114
4606 7210
1528 9209
3213 8093
4266 6780
629 5816
2945 9741
1118 6349
117 5065
2421 6998
3414 6257
4594 8211
4615 8906
2297 7777
3057 7617
2986 6442
794 6094
1733 8514
1256 9913
3747 7217
4835 5377
504 9015
774 9148
3333 8407
4646 7898
1314 7113
3983 7123
2045 7359
4105 7119
2734 7816
2378 9893
2796 5233
854 9289
1232 6857
2610 7255
4551 7498
219 5657
4498 8209
621 9252
377 7995
2738 9532
2287 5273
1881 6145
3995 5352
4430 5577
2249 6737
2880 5656
3100 5522
92 8647
3457 8745
1282 7874
2051 6281
2841 8664
4570 9740
1803 7064
2452 5234
2916 7910
1547 8417
2501 6160
3761 5540
1567 7728
3215 5119
3745 5187
567 8724
2065 5016
1253 6778
96 6187
4445 9844
2817 5411
2552 9627
3399 6671
4758 5264
2659 5679
2741 7177
2246 5114
3086 5843
748 7077
1156 8722
2931 9429
1699 6680
3708 9047
1418 8292
3951 6214
3386 9900
3209 6625
4975 8083
2304 8777
1187 7781
2059 7994
132 5453
824 9217
3127 8725
4748 5545
2878 9835
4425 9907
4333 8927
3486 9750
1996 7936
2616 6909
197 6835
150 8518
3980 6623
3009 6107
4827 8117
3452 6361
196 7486
4306 8271
4702 6327
2787 5815
3058 5928
30 9737
218 7437
682 6855
4505 7732
4837 9271
2001 9057
2588 6621
2547 6639
2219 7903
1189 8699
2968 5411
3170 8063
434 7088
1088 5544
900 5250
2986 8224
2997 5817
1244 7427
3545 7307
4980 9068
2738 6387
3454 5024
4888 6383
1399 9256
4798 8748
1876 9904
4053 8712
2737 7197
4084 9580
2784 8888
4724 6274
2579 6014
708 8007
470 5820
4195 8651
159 6499
1460 6617
4708 9933
4068 7656
2722 7183
4720 6026
4628 5265
2565 9893
1271 7591
1504 7822
141 7237
523 9332
3878 6179
1577 5768
3041 9214
3048 6978
3147 8653
2687 5716
2338 5098
3565 6895
3487 7027
745 9996
485 6161
3266 5509
2106 8318
2873 5758
2318 8100
4340 9100
2497 6700
3109 8030
236 8437
1581 9512
342 8708
4911 5458
3861 8860
3441 5528
24 8544
3312 7458
2003 7091
846 8281
3410 8741
4924 5119
3991 8074
1673 7207
2601 6369
4487 7886
4170 9850
4009 9470
3024 8901
1700 5813
1970 5813
4775 5620
4701 6123
908 6936
3518 6401
1961 6904
1391 6903
631 7407
3744 5994
1364 8314
4088 5757
577 9473
100 7651
2385 9909
4349 8222
2967 6418
957 7489
3440 9813
436 7527
3531 5326
1464 9261
2161 5185
4563 5865
2167 9663
3605 5440
3918 6537
418 9520
4485 8566
4949 7323
1588 8039
4817 7284
3987 8299
813 7188
3454 6397
3341 7639
3736 8777
3055 8408
1942 5638
2639 5788
1417 8880
1316 5426
1071 7459
1980 9539
2348 7701
3282 8361
4567 8785
1134 7163
2162 6213
3117 5426
1703 6610
1002 6725
420 6656
590 7981
3830 6935
940 8336
2237 7498
4350 5002
3466 5774
2785 7486
3844 6141
3761 8191
791 5164
1391 8811
3892 7992
566 9422
1073 5790
2516 6544
3511 7812
3063 5183
3610 9009
1038 8256
1868 8923
3134 7437
1143 7004
2649 5498
1642 8930
2140 5960
87 8829
438 6070
2408 6838
4906 9268
2018 5119
2406 8785
1136 5846
1890 5998
3467 5519
1524 9026
2304 8943
4266 5560
2989 8942
4390 9024
4029 8928
2571 5591
156 8136
1672 5805
2775 5114
3961 6747
4528 6408
229 6344
731 9371
430 6859
370 9261
316 8379
4454 8783
4522 8764
684 5473
3092 9928
3811 7400
3124 5360
1752 9694
3026 5515
3952 5296
4950 9295
3738 6296
1573 9957
1009 9596
1080 7105
2728 9259
2916 8999
277 8386
993 7249
3911 8267
2522 5457
2450 5963
2993 6378
3410 7875
4778 8783
3717 9121
2507 6687
3464 5189
1446 7138
3423 9162
1603 7974
4130 8589
3664 5515
3269 5719
3747 6028
666 7327
1511 8664
4813 9129
2297 7113
2312 9413
853 9525
1600 9943
1691 9461
4850 9364
1582 5543
2267 9121
2993 8004
554 5192
4632 5672
4982 7554
4907 8231
1223 6208
2834 6419
3332 7346
1035 9803
3278 5043
1569 9634
2547 5590
1664 7890
1977 5737
3343 8251
4319 7931
2941 8581
1567 8403
1630 6143
470 9894
3568 6350
2843 5108
1204 9064
1043 7832
2984 8786
106 9979
3479 5377
2724 9644
2978 7497
1362 5124
2407 8575
3549 8640
3635 7187
4860 5078
3094 9189
4953 5982
513 5588
2466 8109
929 7363
79 6752
2891 6069
1346 9800
4579 8143
2977 8315
3889 6863
3254 7113
4394 6778
1854 8559
4225 9387
1460 7270
1254 8039
3396 8345
2300 5745
3516 5939
944 5994
402 5287
4311 9285
2619 5806
2235 9898
475 5604
4602 7544
1246 6147
4609 7408
781 6851
242 9055
365 9609
2359 6286
40 8267
4434 7109
908 6795
2329 9370
467 7532
2998 5973
3148 7616
263 9928
1389 7142
2374 8389
4682 9880
4414 5292
3646 8653
3654 5110
1145 5766
3613 8365
4039 9387
4543 6677
4986 6798
2671 6932
1987 6369
4555 9988
923 6041
292 8481
1372 5065
1204 7579
2640 8634
4678 6767
1653 5486
2571 7082
4607 6103
4585 9248
1826 7125
2829 9105
539 6439
1804 8577
1315 8828
2534 5608
4044 7303
1669 7637
2066 6594
86 6580
3589 7354
3495 8132
1845 8206
1082 9897
3590 9662
1225 5530
4780 5815
3157 9486
3059 9937
3104 5217
4833 7332
4139 5445
649 8788
1750 5524
132 8383
2088 9840
1296 5904
2118 8047
3832 9651
2910 8120
421 6139
4223 6205
3087 5628
1546 8820
3654 9368
3421 7315
4756 8445
1181 5150
3426 6632
4175 9459
1659 8776
1427 8761
3266 8767
3888 6716
618 5827
994 5500
2798 8231
513 5746
737 5797
715 9288
713 9724
3311 5376
2995 5914
2702 5601
4279 5488
2217 5661
3732 5432
4508 5234
4045 9291
3175 8102
2052 7111
2053 8775
2343 8000
772 7819
1375 7752
4969 7238
4556 9405
1960 7351
1392 6233
2087 9862
2849 5803
3779 9108
4350 6647
2329 7486
2229 6309
1157 7102
2044 7509
459 9344
4254 6476
1087 5378
4104 8959
2127 5495
4949 5328
4048 6683
1936 8413
126 6108
3071 5276
4247 6007
3429 7654
2178 7184
731 9458
2037 5887
2722 7878
3414 7740
551 6917
222 7755
2614 8588
1135 7088
394 5895
2200 8487
2963 6447
3276 7986
2047 9412
303 8239
3862 6497
4691 8297
1175 8630
742 5158
3810 6074
4981 5741
1549 8877
2951 5248
2105 7360
4201 9581
881 6120
4666 7733
1367 5920
3849 6820
2511 5401
2710 7702
2633 8932
1957 9620
835 5223
2378 7851
4330 7493
52 7777
2299 6236
3392 8096
4580 7560
1621 8190
4536 5070
2157 5672
2255 5568
38 7274
2845 7746
3644 6974
3542 9593
2679 7508
2505 5347
3042 5899
1430 8959
4029 8099
4448 5228
1206 9992
3637 6694
802 8970
588 6209
1958 9832
3137 6633
2734 9061
408 7126
4872 7640
2938 6025
4355 7517
596 6594
4715 5694
484 8580
113 7314
2208 9387
854 8865
1440 6582
3461 8213
4578 5383
2258 5979
2354 7066
802 5860
2038 7495
26 9923
4868 6995
517 7354
900 6330
783 6512
4710 5464
4385 9881
843 9961
864 9949
8 5863
2560 6395
133 9240
4103 6469
489 5919
1170 5256
3094 9074
2395 5505
2428 6943
748 5166
4678 6979
4435 9547
3445 7040
1561 8100
3195 8407
2158 6063
370 8593
3121 6184
1672 6743
2468 8781
3560 5317
3649 7052
2814 9367
1721 8974
4323 9007
4571 6669
912 6664
4376 8873
1556 6890
3360 5849
678 9981
2174 5762
1968 6310
1980 7930
1110 9270
4117 6745
2856 5514
3587 9471
3620 7340
4420 9027
1415 6008
4578 6240
3052 6805
4420 6619
2406 5849
1428 7992
266 6187
776 6633
2518 8113
2033 5913
3549 9216
2388 9104
609 9672
1070 8024
125 6596
3861 7425
4978 7587
3753 8529
3319 6670
4901 8859
4044 5566
4094 7701
4171 6946
2338 6177
1065 5285
4330 5040
4501 7210
245 8431
2360 8627
1387 5197
4500 8244
1991 5798
1921 9055
302 9011
2637 5706
821 8024
486 9895
3797 7826
4513 8257
4273 9596
4980 8317
1939 8745
3066 8582
4676 5735
3024 9032
3735 5406
1228 9793
386 5470
3806 7304
535 5958
3084 9078
2734 7239
4888 7570
3681 5757
3829 7678
3282 7298
4885 7957
525 9097
2924 9060
1677 7172
3949 5392
3627 8050
138 6089
4201 9543
4338 9845
2913 8848
1909 6976
4750 5283
510 6402
4154 9543
3263 8285
4496 5141
1141 9242
4448 7926
4015 8656
3461 7529
3000 5278
1875 6189
3596 9106
3693 7653
4227 6181
4337 5719
4402 9193
2030 5900
872 6387
2684 6681
43 9731
3935 9213
2489 5426
4859 9075
698 9737
706 5789
2500 8169
4616 7099
126 5646
315 5173
2524 8566
2172 7195
4367 7591
4948 9985
637 8557
4953 9021
483 6461
998 7846
94 5191
2334 5115
1563 9082
402 8649
637 5720
4998 8163
4754 9124
4193 6857
3528 5951
626 9509
660 5919
404 9665
2882 7290
2485 5352
2217 9433
4098 8256
2817 9254
4505 9132
3057 7156
2730 5648
1592 6737
3647 8912
1304 5311
3368 8370
4659 5288
292 8871
2388 7670
3964 6329
2429 6010
1820 8235
2485 5929
4241 9110
1002 8352
3507 5980
4711 7276
2676 9359
2456 6387
486 7416
4800 9784
503 8726
652 8317
1759 8352
2372 6712
160 5824
4491 5366
1713 8253
1011 7253
2559 8029
2720 8476
1443 5446
4782 8943
34 8742
384 8545
4761 8650
3978 6935
135 7757
931 8171
4129 5640
3586 9271
1436 9180
1834 8597
1845 8170
3028 9948
2557 8691
3399 7471
20 9515
2628 6741
1247 8515
3481 7388
4152 9315
3757 5635
4690 7589
4083 6908
1092 9882
2773 8426
3541 8834
1921 8108
4695 6258
2319 5070
4463 7937
1321 5479
1978 9219
549 5365
1798 6327
255 7292
208 9462
1803 6425
2628 9814
4046 6301
2394 9292
2934 9483
3599 6841
386 5799
2412 9892
775 9378
3487 8580
2341 8731
2546 8667
3923 9152
1215 8530
4381 7191
3457 8004
2423 8321
3922 6165
1804 6711
4239 5257
4969 8734
4837 7595
4033 7759
1806 6073
1830 6800
3303 8277
3034 5327
3436 8415
1220 6081
4940 5611
4152 8059
1874 6034
1217 8726
2617 9244
4913 8477
1452 6670
4129 7264
2534 7010
3260 7367
2123 5344
1466 6767
1816 6234
721 5258
919 7088
4564 8024
1343 9735
2058 7389
1878 7970
2944 7433
315 9705
1458 5589
1252 6022
4081 5602
4661 9452
2221 6605
4478 8514
2511 9904
2188 5498
786 7784
1751 9118
716 8754
2549 7322
4510 6843
4797 6210
3784 8173
2461 7695
2490 9474
3016 6348
1387 6608
1258 7983
3973 8479
785 9467
1245 7850
546 6574
1388 6270
1566 8802
4331 8202
2101 7854
2591 9084
3075 5305
2044 8332
3008 7873
100 6520
1517 5063
1505 6390
1159 7872
4489 7222
29 9414
4703 5497
2993 5892
3193 9330
4510 8565
2893 5871
3840 5840
2837 7131
2049 5322
4470 6576
40 7630
2781 9246
2320 8180
1172 7923
1402 8823
3156 5368
1852 7851
103 6063
798 5891
3480 9145
4575 8881
1262 9765
2 6084
1729 8769
56 7549
3562 9925
4614 5420
4552 8566
3566 8362
1921 7100
3746 9174
4041 9763
2176 8491
4751 7292
3752 5325
2102 7331
1281 6783
4361 6145
288 7746
3120 6464
4345 7284
2700 8769
606 9188
45 9258
1700 7770
4812 7803
4912 8925
4666 8840
1941 7197
4951 6152
1843 6346
3568 7526
3043 9734
4896 9632
1988 8097
4038 9490
757 9905
1431 7632
2360 6062
1887 5158
3647 5032
2931 9925
329 6020
1380 5421
2267 5277
3788 6678
3419 6270
73 9989
3675 7276
4222 6564
4503 5370
1600 8985
1380 7893
1961 5721
1131 8685
4533 9946
901 7302
176 6349
1482 6976
1554 6116
2015 6899
3314 5446
1120 8564
4078 6671
1961 8302
2335 9403
4247 9974
2168 5149
253 9659
3695 7880
80 8681
4896 6678
3901 5523
3472 6652
2338 6663
3751 8441
2973 6787
4307 8052
1030 5963
4079 8885
2988 7578
2926 5621
2929 6951
3253 9402
157 5537
4119 5236
1856 6372
1278 5600
1561 5010
4781 5822
3305 8182
965 9373
2333 7508
843 7700
453 8278
632 9545
609 5831
4062 9990
1615 8852
2672 7573
2876 8388
4008 6095
827 6907
4801 5770
3467 5967
4482 5437
2898 8442
641 8045
944 9369
1268 9333
3898 6170
4126 8238
2688 6053
2965 7406
714 7818
2617 5116
4453 7596
4850 6413
2274 6459
1616 5067
1286 7777
4052 7297
3757 6879
3339 8645
2431 9115
2706 9179
2967 5992
1228 9424
2434 7929
2969 6591
2405 8316
1682 8648
2766 5283
1235 9525
162 6651
783 5207
3539 9174
84 5161
4558 7612
2812 6409
42 7569
4239 8120
533 8394
1492 7253
4544 5962
1109 9042
938 5515
3688 5648
2943 7586
942 6438
3544 5436
503 9213
253 7306
191 5971
4028 9040
3428 5241
3111 6738
2181 7848
3991 5823
479 8778
2093 9348
2819 8853
1432 5586
3214 7898
4899 6953
280 5216
2123 9697
3895 6285
4601 7807
1087 9172
4999 7366
754 6757
663 9131
184 5414
377 9382
490 5146
4774 6418
1298 9070
4588 7576
365 7629
2791 7326
2583 8373
603 5435
3619 9993
2989 9512
745 9734
4582 7178
4390 9607
1971 9611
282 5968
3544 6760
3967 9574
3460 5927
2822 9087
2476 5580
4009 7492
2577 8128
3249 5437
1620 7990
2800 6413
261 9713
3988 8685
4744 8015
2702 9326
1116 9940
3809 9790
4095 8634
3807 9309
774 9807
2344 9703
1129 9343
1084 9017
4506 7300
1347 8163
3090 8346
3514 7382
3589 8262
4647 7114
3021 8588
4909 7259
1962 5299
4984 8387
2404 7659
2591 8191
4181 7446
188 5340
1952 7503
3320 6192
1162 8532
1797 9199
213 9154
3161 8061
4908 8994
2249 7789
2399 9419
1975 9208
2096 5685
4615 7978
1795 8179
3538 8648
3391 9326
4497 9466
4492 7470
3337 6983
4646 6155
1195 6663
2904 8916
178 7588
3988 7465
3963 5551
1829 8252
3247 5443
1726 6171
1983 8969
2897 6861
4321 8668
1236 6878
3383 9917
2650 9388
849 6901
847 5772
4942 9162
4115 7271
186 6340
2563 9231
3021 7216
1890 6282
4402 7426
142 9604
3024 6181
4915 6787
3225 5517
3242 5246
4277 6671
675 6889
336 9174
3722 5101
1442 8442
1319 5398
11 6377
1084 8785
2870 9712
4139 5268
595 9647
4762 9645
4001 5080
4994 5161
4820 6467
3547 7416
1525 7359
3189 7027
4797 7176
1070 9863
4965 5466
4038 8558
4176 6961
3903 9492
3921 5603
1170 6796
3737 7147
173 6526
3782 8359
693 6588
4754 8050
1711 5790
3516 5749
4590 6387
759 9508
4493 8627
1494 6994
4251 8374
1161 6257
2427 5705
260 6788
2347 7880
4687 6098
3800 6320
3521 5829
4399 5580
3372 9603
280 7185
1844 7340
2214 8497
4804 5342
1782 5719
3430 6547
1538 6945
4066 9032
1945 5367
1423 7101
3585 6059
4126 7144
2591 9623
936 7921
2376 6519
4127 8507
3207 5147
221 5175
3267 5452
3541 7618
2756 5021
2086 6296
4662 7342
1715 7139
502 7827
2341 7187
3325 5888
2588 7803
4583 7500
1443 5895
845 8596
3471 9386
1042 8529
4009 9592
2356 9690
1103 6146
543 5125
211 8725
2057 8607
1130 6289
1780 8253
1754 9117
4954 8994
4222 5416
1611 5561
4714 6166
3433 6380
3879 9419
2823 9229
2235 7794
973 6737
1087 8484
4669 6429
1183 5847
1646 7149
1978 6032
1838 8135
3172 8565
1481 7780
2159 5165
3431 8483
1374 7038
3176 5221
2485 9665
1475 7679
1545 5362
2464 7680
4351 8059
4783 7579
3126 7935
520 9112
3455 8558
3850 7045
966 9440
3089 6938
3180 9541
398 8159
164 8877
4553 5675
495 9870
4272 7874
425 5316
2748 7491
3982 6435
4136 9204
3680 7778
1336 8997
1698 5320
1197 8232
4499 9295
1110 8651
1541 7011
686 5890
2569 8032
2759 6251
3889 9718
64 8020
2190 6835
3376 9571
4113 9271
1589 5270
3516 5325
3052 7245
3699 5103
2035 5896
3377 5420
1040 9472
3315 5396
2854 7428
4904 7036
4837 5150
1433 8475
39 9006
2730 9964
3294 8546
572 8560
4013 8208
3549 8820
2551 7171
3186 7375
4823 6381
3592 8036
1479 8206
4404 6556
4207 7359
2324 6516
4554 9764
1586 7057
4096 6148
619 9029
245 5912
631 6136
4715 5006
3071 9215
3077 8940
3796 5180
8 9858
830 9905
592 8697
3215 8195
40 7603
78 8172
43 6406
325 8812
3020 9561
1435 5099
3130 7785
3204 9024
787 5339
3292 5213
222 7375
2113 7349
4804 5799
1726 8251
112 8557
4384 5949
1886 9179
1072 5337
4337 7302
422 7725
2775 7755
1609 6651
854 5305
234 9139
4163 6267
4067 6847
2386 6453
4357 7892
1635 8051
2180 8385
3217 7795
4280 8596
853 8102
902 7237
3991 5536
3991 6693
3851 7499
3716 5795
3440 9708
1466 8034
3244 7647
3500 9495
4067 7754
442 8652
941 9884
4280 7679
2838 7234
2770 5348
2277 7222
565 5284
1212 7595
1908 6885
4794 8611
210 8385
1509 9926
186 5562
1873 5428
1131 5071
2293 6099
120 9789
523 7396
3275 7773
2379 9394
1547 8073
1465 6800
305 5192
1981 6574
2425 7519
4743 6940
2540 7900
2240 7651
3163 6953
4666 8285
4376 9908
1157 7884
3314 9051
2677 7638
1927 6739
2080 6976
3451 8254
317 7283
4715 6366
1634 7469
3528 5574
1917 7355
1285 8293
2386 7599
4818 8616
4116 8068
3511 5525
1522 8156
2721 7550
286 6363
2861 7632
3282 9470
1392 5648
1758 6417
3165 7954
3599 6411
3841 5988
3671 8682
2071 9127
1710 6344
1985 6812
1261 7728
2158 5638
2701 7762
4549 8300
707 9089
4891 7262
1888 9143
435 5025
4015 8974
116 7178
2696 6517
4030 5287
1194 5284
1930 9171
2620 8558
3629 9702
2680 5180
2203 7195
200 5334
3136 5254
4917 5728
2987 8245
4502 5808
3433 7848
1222 6191
2659 5281
3696 6401
218 6432
4369 9046
2265 6781
3542 9807
3910 6230
770 5589
4660 5776
2912 8173
1581 9408
612 5316
289 7047
961 8308
2313 5623
1819 5330
2914 7684
4653 9924
1345 6724
3467 8114
4976 7891
4168 9035
1171 5984
1958 9011
597 7660
1913 9993
2251 8203
163 7597
4161 5712
1901 5744
1850 6404
838 9605
2820 5490
4332 5417
2039 7731
4183 5618
3919 6701
3538 8191
1056 9758
1503 8833
2868 8535
4983 6914
529 6910
4601 8586
3073 6921
2889 6986
2041 6320
1983 5521
3016 7828
3944 5259
4190 5660
2193 7321
219 9342
1952 5712
3707 7017
4024 8614
3119 5404
2419 9302
2861 7560
207 6270
4593 9391
1800 7866
2122 9392
1129 9326
3014 8370
2758 6142
2269 5455
3938 7367
2212 5535
1029 6618
225 6567
615 8671
3643 5578
3614 8037
1059 6567
4554 7332
4909 6101
4059 6312
2888 5254
1953 5079
1548 7836
968 6736
3621 5186
987 8605
649 7185
4680 8860
4242 8316
871 5089
2395 6773
1973 7060
4611 8790
2439 5098
1533 9673
4289 8815
4620 9510
1646 9434
2338 7561
4470 6751
497 7737
4565 8170
4520 6025
4416 6372
2060 8566
3461 8201
4913 9730
1497 6712
3505 9386
2370 7821
1585 9644
2044 8979
268 5410
4438 7290
666 7356
3143 7740
4604 6848
2843 5269
37 7710
3776 7790
3601 5464
4414 6718
4180 6619
868 9592
779 8916
1754 6615
612 5848
4963 9625
3838 6823
1144 5844
4527 7315
4150 5209
1031 6867
4601 8530
3047 7967
1272 6905
4325 7461
3910 6710
2976 6136
2818 7325
427 5345
2360 7866
604 8577
330 6939
3928 5559
1421 9363
974 6801
4043 7000
841 8290
872 7810
4862 9105
443 9410
1303 7533
3849 8355
4585 9338
2709 9334
4724 7530
4188 8760
3241 6589
4579 9605
1673 7040
302 9719
3336 6055
4333 9413
3552 7396
3397 5551
2067 5164
2961 6007
3187 6591
747 9074
2705 9635
2766 6099
3891 7976
4979 5730
2768 8417
4063 9425
3847 6532
2186 6612
4044 6085
3430 8760
2629 9600
2637 6793
4736 7478
2088 7271
944 5464
783 6749
2616 5106
9 8088
166 7868
254 7175
761 8936
4873 9872
1663 5273
1339 7478
3153 5986
1736 5533
3126 7762
3347 9090
2579 5305
4369 6779
1444 5867
4765 7107
1327 9131
91 8023
3926 8189
2996 5749
3834 7367
4489 6360
3616 5684
2659 7777
2881 9218
2742 8235
4221 5734
4224 5198
4220 6225
850 7444
4238 7863
1714 9413
2899 7712
3624 5644
1411 5669
1356 7034
3806 6170
2904 5579
4038 7953
1277 9129
2005 5123
3569 6415
372 5747
3699 7815
2253 5125
716 7533
4315 6698
4286 8063
560 6589
4947 7597
4171 7956
2193 8618
2011 8203
2378 8397
1484 5174
4514 5061
2653 7767
3843 7024
420 8138
3161 6346
1282 6166
3891 7857
3500 8945
4156 7510
936 6356
2300 5834
4342 7528
4187 8820
519 9674
3951 9157
2089 6601
3484 8459
4437 8797
1775 5179
4707 6176
4956 6500
334 7334
3259 6991
172 5826
3859 9029
634 8409
3231 7133
3701 9630
4902 5929
201 5281
901 9856
2006 7317
2326 5061
562 7813
2926 7860
4354 5077
1440 9345
3486 9629
80 9149
4670 7151
616 8941
1030 7303
4772 7161
4204 7042
2001 7254
236 7093
3436 7979
298 5300
2688 9887
1245 8477
2213 8847
2224 5142
744 9190
427 9869
3750 5979
3309 8597
2837 9196
3262 7039
1370 6697
2540 7061
2474 7268
4442 5699
1780 8812
4294 8695
3774 5831
4805 5451
4359 8047
1640 5575
3847 8609
617 9930
168 6239
3371 9625
3203 7721
3289 8678
1218 7966
3094 5101
2418 5372
4861 6570
3199 5127
23 6417
1509 8688
3993 8505
1115 9702
3596 7420
552 6156
17 7724
1549 6686
331 9569
2886 7199
723 5590
4406 9302
152 9469
50 5391
1472 9752
1876 7050
742 8156
776 5863
1335 8089
484 6612
3378 6922
1343 5245
3231 5924
2372 6067
52 5985
4389 6960
2232 7481
3535 6740
2713 5982
714 9399
1425 8525
4245 7742
1627 8601
644 5137
404 7340
610 8806
1877 6749
3327 9842
27 7734
3475 9334
1302 8947
1874 9678
4469 8069
3843 8847
1097 5475
3367 9860
897 9313
882 9096
3211 9133
3755 7027
1541 7637
669 8164
3718 7147
2731 9652
1467 5279
3026 5389
1674 7037
677 9293
3188 7995
871 5932
3458 7472
2241 6073
3037 5847
542 5006
2750 5155
3081 7217
97 6384
1341 8089
3526 8908
4396 7652
2349 9126
1458 9588
2950 7233
2394 9189
3540 8602
973 9734
4481 5560
2948 6361
1768 6346
2004 9459
4995 9838
3206 7245
2616 8693
1743 9782
1246 7599
3051 8124
1752 6817
3063 8335
1499 7184
643 8350
1522 5212
2300 7301
4404 5248
2695 6592
138 8097
1004 7384
2838 6048
4343 8114
760 8413
4533 5462
1560 6172
2365 5685
3459 9510
3029 8711
1548 5046
3558 7269
1188 6208
4058 9957
3384 7020
140 7924
4876 6775
1902 6319
4333 9314
2995 8349
2547 9010
1740 9307
2841 9011
801 7423
1028 9498
818 8408
60 7443
2821 6787
2816 9582
4191 7440
1576 5857
1067 9228
4354 6581
4678 8953
3390 7160
741 8655
2333 8988
3093 8174
2714 8940
3062 8783
4128 6320
2432 9937
3247 9047
3765 8749
4185 5794
4326 7491
4029 9974
530 5584
4684 8284
3270 9115
333 5076
1562 5466
4660 6132
1784 6192
3897 6585
3435 9180
2104 6127
1590 7960
1913 8965
4297 9490
3377 6047
149 5044
2335 5153
4523 8002
3559 9990
866 8524
4853 7098
2653 5874
4728 8743
185 9824
3411 7205
1299 6791
2658 8277
1425 6782
2512 8024
522 7462
552 9678
888 6576
2454 7959
4625 7510
4811 7954
49 5011
519 9420
450 8026
3312 5540
489 7689
602 5386
2941 8033
767 7854
1084 7112
2559 8148
3072 9414
1054 9102
3144 6662
102 6730
3458 9879
1708 7893
4489 5846
2806 6998
3510 5261
2712 5442
4494 5478
123 9906
1988 9842
4787 5674
3429 9450
3236 7453
1031 5448
1018 6674
683 9996
3451 7893
4177 9951
4869 8240
3868 8868
2170 8346
3639 9139
472 6103
1367 7124
3035 6536
1372 7244
131 8250
4161 5125
888 9875
4512 6612
3713 5458
384 7572
4332 7579
316 9827
1617 8117
1673 8037
1873 7665
1081 7193
4513 6530
1264 8082
2646 8407
2587 6977
4833 6816
467 6738
4369 9236
1365 5857
3275 5284
4340 8284
395 5839
2317 5346
2808 5076
460 9584
2096 8368
3736 5844
1087 7074
4549 7304
3717 9762
902 6638
37 5595
4869 7396
4264 5950
3084 8688
2513 6329
244 7549
3216 5211
3852 6314
1134 6700
2512 9166
4229 8268
1578 5210
1027 8988
2320 8522
1850 6800
4380 5583
4923 6180
2577 7198
133 7862
3467 6784
1411 9211
2370 7996
870 5431
1989 7315
1695 8455
4177 9325
2531 8635
1103 9477
3620 6713
1667 6580
134 6573
3015 5599
1050 9600
3267 6913
3261 9735
3655 8848
730 6132
4749 8076
3798 8062
832 5576
1331 6649
1430 8952
3244 9222
3531 5960
4156 9797
4969 6228
2768 5391
3581 6162
85 9843
4088 5724
670 9741
3634 6338
763 8667
1945 6021
2826 9723
921 5538
2904 8688
4884 8129
953 8349
2762 9160
1828 5082
4228 8416
3848 8762
1577 8750
3895 7034
612 5086
3416 9259
771 8261
2581 7206
1187 7136
951 5087
4400 9397
2918 5484
3910 6186
1300 6139
1090 8863
4856 5081
1532 9430
4428 6756
2542 8202
4720 7863
2426 7280
1743 8312
3494 8077
1566 7012
4681 9603
2382 7261
948 8393
386 8470
3253 6517
3902 7630
1361 7181
3815 8096
3131 5683
4487 7802
2762 5449
802 6896
1328 5387
164 6695
1758 6436
192 6416
4107 6978
143 6098
95 5636
2174 5780
4054 6610
3169 6110
4106 6446
3975 5955
4362 9271
2128 8330
3205 6127
3174 8624
3678 9543
3151 5485
3609 7332
3334 6227
4244 7944
2223 9876
896 5889
2954 8381
568 7736
2068 8469
735 7390
1508 9373
4577 8570
4991 9705
2083 7989
2603 9341
3738 5246
4780 6393
2607 6580
581 6189
3427 5930
1256 9729
4481 9136
4556 9302
629 6524
2435 5905
3525 5518
334 5609
958 5481
38 7791
2059 7100
2510 9138
3892 7239
2137 9819
2604 8672
4637 5561
3378 8772
4045 7712
2962 8460
3667 7130
1182 6739
3059 5012
2974 8114
1295 8514
2986 5508
4022 6284
2471 7485
3647 6861
4826 7006
1641 7037
1470 9209
793 7218
657 5029
3453 7103
2215 9788
281 6500
2342 8900
3112 5888
4292 5470
3179 8004
643 5552
4089 6742
3792 8191
1341 8190
897 9710
4924 8865
1493 7190
3431 5764
1558 7144
4480 6376
1157 5009
934 7032
401 9614
4512 8445
2157 9721
339 8720
176 8168
1159 7802
1235 6587
4936 8202
4178 5004
1294 5553
3232 7996
4285 9674
1998 6844
3117 7545
3202 5706
3600 8353
2720 8467
3754 5873
1384 9387
288 9544
4715 5850
2967 5263
1333 8993
3062 5571
4131 7419
556 6962
1044 8485
1045 5446
3848 5704
2532 6816
2283 9499
1759 5128
1219 8018
4081 6910
4539 6664
2881 9123
4398 7466
2234 9807
2390 5600
4848 5337
1424 7700
3139 5254
2175 6986
3785 9005
4805 6542
3472 8976
3677 7133
1939 8640
4610 6272
3999 7388
3000 5441
2105 6816
2853 9350
2494 7919
87 7693
2791 6474
1317 7231
4031 5557
2805 9635
3783 9585
4584 8317
1015 7530
4856 6241
2028 6596
2457 5906
3284 9120
2495 7573
1926 7677
1281 8715
4216 5816
4610 6648
2538 6459
3578 9246
4367 9120
1312 5135
4562 5467
7 7635
2252 8396
741 7454
344 5970
4454 9991
3119 9370
1916 7095
4282 8478
4301 9206
1689 6226
1118 5036
1244 6204
696 8706
3839 6387
4930 5405
251 5737
3870 8328
1235 8165
2519 5381
1385 8322
1987 5766
2602 9832
1836 6685
676 5776
1269 5620
847 8830
3873 5400
975 9108
1138 6934
2796 8833
1624 6209
3038 6123
1506 8278
525 7417
3577 9987
2308 9628
4057 7005
2794 9060
2000 8226
3320 7599
2530 6017
594 6572
1986 7532
2335 6522
90 5978
1455 7285
601 5825
4913 7748
1701 5240
3206 6569
3319 7455
3501 6296
4141 6437
3092 5989
4410 8061
651 9273
477 8532
2943 8501
1848 5880
1941 9350
2467 9429
1897 5393
2615 9648
509 9871
4036 7923
2759 7580
352 9223
3807 8097
295 7178
626 8873
891 6592
581 7536
986 9174
2250 7622
4068 8341
3391 6930
1490 6300
4626 7515
2082 6757
2215 7227
3078 9054
1766 8664
3036 8941
4876 9092
1522 5418
2006 9360
2272 9033
1459 5088
4573 9565
4510 8955
3008 9244
1325 5521
3414 9562
1242 5908
4572 8962
1822 6162
4249 6472
4136 8325
562 8194
2972 7985
704 7489
3591 9811
1036 7619
2762 5203
1482 9173
2325 7124
2031 6267
1425 5808
3410 9836
4017 9236
3966 6842
1995 7492
4663 6646
1958 5095
1222 6330
3246 7198
491 5719
2848 5674
3683 5790
3798 5866
2443 9439
4142 9865
308 8171
2514 7790
2504 9183
2567 6581
2192 5724
3924 6777
672 7366
2780 5298
2138 7555
2392 9063
2177 8929
4613 8578
997 5871
3722 7799
3583 5950
3857 9163
4071 5775
774 5148
638 8111
1368 7784
1246 7921
763 5862
4954 5735
3930 9483
2535 6555
826 9022
1759 8292
3525 9686
4405 5867
4113 5089
4601 9667
4453 7911
4750 9903
3029 9909
2061 8030
1843 5603
1930 8191
4602 7540
4941 8067
3007 5848
157 5608
662 9203
1469 5797
1432 7410
2600 8470
563 7861
4615 5020
3180 8260
2941 5394
102 9491
2063 6095
4729 9367
87 6300
1255 9185
1685 8694
3014 6500
198 7647
2139 8127
1301 5723
949 8798
2535 9565
4516 7973
2037 5426
1304 5388
4557 6522
4686 6144
816 5059
2800 9548
4067 7791
2334 9360
253 5409
1232 9917
3298 6695
628 5450
759 5712
3456 5728
3243 5609
3573 8490
806 9272
1631 7027
2917 5525
4023 5572
2897 9289
569 6783
2714 7347
4658 5201
3763 7953
39 8472
979 7681
1011 5313
1910 9835
2841 8398
152 6528
1447 5076
2864 6082
1640 9964
2595 6448
2832 5448
1702 8325
112 5116
4965 6675
4996 8344
1424 8495
6 7606
2536 7673
3938 7601
74 8626
3829 7279
2681 9073
2120 7777
1888 5832
1214 8588
3745 9295
2276 5294
298 5407
28 7384
2783 8566
2244 5243
104 8100
4356 5735
3331 9788
4147 6503
3515 6244
830 5663
2911 5800
2218 6955
2323 9226
324 7044
516 9875
147 7623
1565 6499
218 9993
4471 6315
2490 8498
1901 8487
1184 9261
693 7717
1184 5059
2559 6828
3784 8851
419 5932
312 7496
1418 7037
1848 7241
1933 6460
94 6435
438 7703
2898 5826
4301 6942
2993 5411
2362 7740
4054 5424
1968 5544
4180 9735
3718 7624
420 8729
1433 7514
2260 9628
821 9439
2541 9949
3304 6863
2323 6015
1857 7742
1483 5320
4048 6470
4796 7144
3742 8501
4226 6801
3126 5599
3874 8795
2605 6779
617 5250
1628 7096
1219 5178
2231 9885
2125 9274
4203 6379
3109 8906
4143 8979
976 7150
4680 9226
719 6571
1433 8447
1397 9669
3340 8363
1651 6417
4132 5877
4089 9025
3058 5353
1667 7058
3948 9802
2769 6896
2431 9715
2147 5336
4627 6149
3103 8320
129 9966
1904 7517
1983 9543
2754 9487
1023 6649
4796 7630
2375 6306
1759 9366
237 8385
2731 6437
2375 8876
4309 8443
128 6382
4648 6926
2372 9369
2568 8681
3830 8922
808 8453
2778 5285
634 8555
4467 6459
4 9442
2956 9732
4295 7074
2965 8775
4128 6642
71 7443
2462 9209
2524 8234
497 5879
3592 5105
2315 6900
2851 5407
3495 6741
2846 6011
464 9782
4082 8758
2325 5317
3251 9941
4478 8729
3092 7110
1966 8732
315 7736
553 5500
444 6106
1818 5007
352 7673
816 7257
3973 9293
4133 9447
1450 9437
2657 8321
4662 5501
978 7394
589 5437
1226 7955
3702 5738
3155 7227
1498 6450
3380 5781
4879 7803
215 5875
1660 6318
1415 5734
2369 5518
137 5723
4305 6830
1888 5909
35 9196
3738 9896
3149 6426
4863 8070
3322 9439
625 9367
864 6938
451 6015
4988 6213
211 8706
334 5693
2819 9931
2149 8998
2209 9772
3262 8767
1661 9812
213 8703
2682 5988
430 8569
926 9157
3822 8377
3551 9279
3806 6156
4356 6283
3205 5337
160 9932
66 6346
1980 8420
1239 5331
3928 6968
1033 8435
2406 5445
312 7280
876 6764
4298 7944
4897 6092
2383 8241
1080 6244
1087 7931
2725 9506
788 8281
2819 9616
1731 6119
2709 6513
782 9579
1163 8380
1043 6313
444 9605
1126 7750
1578 9953
4472 8692
2010 5144
1342 8051
3874 7210
1468 8968
120 5099
1071 7132
2085 8083
3597 6629
3373 8980
1418 8418
527 6761
2835 8609
4703 6130
1910 7943
4322 5915
693 9033
4024 5768
4854 7702
293 7677
1539 6444
707 6516
467 8129
4084 8218
3970 7717
4070 6854
1858 8105
2841 9912
2682 9422
3299 6864
4055 9014
4889 8328
2913 6755
4313 6387
996 7848
1966 5522
