5000 5000
3930
1 8604
2 6536
3 8943
4 9442
6 7606
7 7635
8 5863
9 8088
10 6495
11 9817
12 8718
14 7505
15 5138
16 7987
17 8350
18 6075
20 5265
21 6984
22 6581
23 7886
24 8544
25 8515
26 9923
27 7238
28 8373
29 9414
30 9737
33 8023
34 8742
35 9875
36 5180
37 7710
38 7274
39 8472
40 7603
41 7867
42 7569
43 9411
44 9122
45 9258
46 5603
49 7748
50 5391
51 8764
52 5985
53 5355
54 7847
56 5885
57 5492
60 9480
63 7694
64 9954
65 5732
66 6346
67 8827
68 9019
69 7761
70 5773
71 7443
72 6358
73 9989
74 7500
75 6058
76 8836
78 8172
79 6752
80 5553
81 8054
83 5988
84 5143
85 5941
86 6580
87 8829
88 8105
89 9744
90 5978
91 5587
92 8647
94 5191
95 9860
96 6187
97 6384
99 6457
100 7651
102 6931
103 8160
104 8100
105 9819
106 9979
107 7602
109 7249
110 7688
111 9853
112 8557
113 7314
114 5258
115 9215
116 7178
117 5065
118 7025
119 5892
120 6144
121 9546
123 9906
124 8552
125 6596
126 8382
127 7467
128 6382
129 9966
130 8608
131 8250
132 5453
133 9240
134 6573
135 6952
137 5213
138 6089
139 6412
140 8996
141 7237
142 7256
143 6915
144 7792
145 9067
147 5113
148 7447
149 5044
150 6911
152 9469
153 9742
154 6767
156 6257
157 5537
158 9897
159 8554
160 5130
161 5954
162 6651
163 5737
164 8084
165 6268
166 7868
167 8273
168 5972
169 5187
172 9717
173 6526
175 8607
176 7714
177 5617
178 7588
179 8421
181 7022
184 9518
185 9824
186 5562
187 8984
188 5236
189 6276
190 7895
191 7295
192 8303
193 8998
194 5595
195 7604
196 9061
197 6835
198 6415
200 5334
201 5281
202 7105
203 8738
205 6637
206 9723
207 6186
208 9462
210 6138
211 8706
212 5608
213 8275
214 6750
215 7733
216 6548
217 6328
218 7437
219 9342
220 6837
221 5175
222 9516
223 7239
224 9324
225 6052
226 8167
227 7622
228 6469
229 6344
230 8224
231 7096
233 9608
234 9139
235 9333
236 8437
237 7188
238 8218
240 6953
241 8853
242 9055
243 6220
244 7549
245 5671
246 6501
247 9321
248 6858
250 7985
252 9561
253 8204
254 8048
255 6527
256 6667
257 5959
259 9005
260 6720
261 9712
262 7023
263 9919
264 8028
266 7801
267 9769
268 5410
269 5857
271 9028
272 8573
273 5447
274 9918
276 8938
277 9475
278 6983
280 9262
281 6500
282 7526
283 7674
284 6619
285 8422
286 6363
287 6894
288 7746
289 8567
290 8281
291 5734
292 8481
293 7677
294 5406
295 9554
297 9833
298 5300
299 7120
301 6335
302 5122
303 9426
305 7717
306 6601
307 5221
308 9649
310 6236
311 6472
312 5948
313 8873
315 9368
316 8379
317 7283
318 9872
319 5673
320 9443
321 7104
323 9294
324 6274
325 8354
326 6505
327 6087
329 6020
330 6051
331 9877
332 5506
333 7682
334 6400
335 6280
336 5952
337 7583
338 6164
339 5395
340 8875
341 8006
342 8708
344 8002
345 6932
346 9777
347 5724
348 6132
349 8341
350 6167
351 9247
352 9223
355 9788
357 8198
358 5356
359 6530
360 6639
361 5709
362 7469
363 6394
364 6981
365 9609
366 5262
368 8803
369 8197
370 5674
371 6832
372 5913
373 7669
374 9117
375 5360
377 9382
378 8044
379 8757
381 7272
384 9239
386 5470
387 9279
388 8857
389 9537
390 9062
392 6800
394 5895
395 8964
396 7657
397 7128
398 8159
399 7766
400 6082
401 9614
402 5287
403 8154
404 5444
405 8043
408 7126
409 5722
411 5244
412 7143
413 9569
414 9871
415 7405
416 8257
417 6663
418 6168
419 5932
420 6828
421 9038
422 7725
423 9422
424 7942
425 8556
426 7590
427 8452
428 8300
430 9869
432 6004
434 7807
435 7852
436 5290
438 6070
439 7167
440 7472
441 5530
442 9653
443 9410
444 9605
445 5974
446 6235
447 7360
448 6150
449 6791
450 9196
451 6015
452 7090
453 5368
454 5047
455 6745
456 9916
457 6106
458 5667
459 6356
460 9584
461 5299
463 9300
464 7460
465 7910
466 8520
467 9761
468 8150
469 6949
470 9736
471 9664
472 6103
473 9883
474 8717
475 8076
477 9353
478 7938
479 8778
480 9924
481 8617
482 6899
483 9935
484 9072
485 6161
486 9256
488 7537
489 7689
490 9057
491 5719
492 7401
494 6843
495 9870
497 9455
498 6094
500 9002
501 9250
502 7827
503 6254
504 6768
506 8144
508 8837
509 5468
510 5331
511 7946
513 5588
514 8937
516 6199
517 7354
518 5633
519 9420
520 7943
521 7013
522 8844
523 5876
524 5051
525 9709
526 8001
527 6761
528 5449
529 8099
530 8864
533 8398
534 8371
535 5958
537 8740
538 8563
539 6439
540 8295
541 5107
542 6202
543 6865
545 7776
546 6574
547 7179
548 8909
549 5365
550 7115
551 8015
552 6156
553 5035
554 5192
555 8360
556 7820
557 5013
558 8017
559 9743
560 6589
561 8199
562 7813
563 7861
565 7488
566 9594
567 5402
568 5690
569 5160
570 5510
571 5991
572 6426
573 9603
575 7785
576 6338
577 7517
578 6445
580 8986
581 6287
584 9347
585 5071
586 7577
587 8595
588 5602
589 8777
590 5418
592 5390
593 6803
594 6755
595 9647
596 7380
597 7660
599 6515
600 9373
601 8705
602 5386
603 5816
604 8577
605 9313
606 8465
607 5460
609 9672
610 8806
612 5086
613 6846
615 9291
616 6045
617 5250
618 9660
619 9473
620 8792
621 9252
622 8103
624 6364
625 6794
626 5740
628 5450
629 6524
631 7407
632 9810
633 6862
634 8555
635 7056
636 7113
637 5720
638 9841
640 8120
641 8045
642 5585
643 7970
644 5496
645 7986
646 5706
647 6624
648 8753
649 5172
650 8950
651 7939
652 8317
654 6242
655 6879
656 5009
657 5029
659 5198
660 5919
661 7439
662 9203
663 9190
664 9815
665 6406
666 8579
667 8881
668 7358
669 5653
670 6634
671 5672
672 7019
675 6889
676 5519
677 7683
678 9092
679 9328
681 8699
682 5654
683 8724
684 8137
685 9859
686 5890
687 8931
688 9650
689 5435
690 8855
691 7612
693 6588
695 8219
696 8527
697 7755
698 6166
700 7446
701 6078
702 9635
703 7553
704 5567
706 6565
707 6516
708 8007
709 6429
710 6438
711 5152
713 7175
714 6350
715 5064
716 8754
717 8119
718 9452
719 6441
720 9551
721 5370
723 5590
724 6968
726 6098
727 7547
729 5078
730 8428
731 9371
732 6340
733 5166
734 5905
735 8974
737 5797
740 8655
741 5956
742 8156
743 7800
744 7743
745 9996
746 8919
747 9593
748 7077
749 8403
751 6719
752 7715
753 5630
754 6757
755 7631
757 7618
758 7142
759 9508
760 6036
761 9779
762 7558
763 5400
764 8672
765 8921
767 7854
768 7793
770 7414
771 8289
772 7819
773 9687
774 9148
775 9378
776 6799
778 5474
779 8916
780 7223
781 7621
782 9579
783 5207
784 6269
785 9467
786 7145
787 5339
788 9890
789 8976
790 6084
791 7072
792 9217
793 7218
797 5683
798 5891
799 9772
800 5106
801 8876
802 6642
803 5053
804 9934
805 8494
806 9208
807 9266
808 8095
809 8109
812 6016
814 5934
815 5641
816 7257
817 5027
818 8408
819 7738
820 6054
821 9439
822 6453
823 5279
825 7116
826 6904
827 9066
828 5973
829 6207
830 9905
831 9611
832 7729
833 7502
834 6658
835 7083
836 5851
837 8897
838 8276
839 8891
840 7524
841 6851
842 7219
843 7700
844 5328
845 9323
846 5903
847 5772
849 7747
850 7444
851 5520
852 6414
853 8102
854 9289
855 9359
857 8741
858 7192
859 9993
860 5420
861 8889
862 7661
863 9477
864 9949
866 8524
867 8153
868 9592
869 6747
870 5431
871 5089
872 7185
874 8747
875 5454
876 9445
877 7780
878 5503
879 6809
880 5826
881 7551
882 9096
883 5237
884 7507
885 9278
886 8691
888 6154
890 6895
891 5777
893 6182
894 6291
896 5889
897 5208
898 9983
900 6330
901 9856
902 6638
905 6488
906 6399
907 8788
908 6936
909 5018
910 5643
911 9615
912 9725
913 5512
914 6716
916 8923
917 9997
919 9755
920 6184
921 5538
923 6389
925 7630
926 9157
928 8462
929 9231
931 6925
932 8854
933 7917
934 7032
935 8082
936 7921
937 8077
938 8697
939 9728
940 7395
941 7140
942 7830
943 6198
944 5994
945 7193
946 5915
947 5002
948 9041
949 8798
950 9985
951 7390
952 7436
953 5761
954 8032
955 9104
956 6912
957 5436
958 5481
959 9914
960 9118
961 9956
962 6691
963 6218
964 8271
966 9440
968 6736
969 6980
970 5514
971 8886
972 8828
973 6737
974 6682
975 9108
976 7982
977 5549
978 9695
979 7681
980 9288
981 5768
982 6616
983 9714
984 5371
985 9233
986 9174
987 6108
988 7243
991 9287
992 9936
994 5500
995 6331
996 7848
997 5871
998 6604
1001 8141
1002 6392
1003 6143
1004 7384
1005 5011
1006 8665
1007 7044
1008 7763
1009 9596
1010 6802
1011 7862
1013 5873
1015 7155
1016 9808
1017 6128
1018 9909
1020 9358
1021 5615
1023 6649
1024 5057
1025 8815
1027 6709
1028 9498
1029 9056
1030 6308
1031 5215
1032 6413
1033 5041
1035 7261
1036 7619
1037 9292
1038 8675
1040 9472
1041 7617
1042 8529
1043 6313
1044 5598
1045 5446
1048 5341
1049 8650
1050 9600
1052 8474
1053 6153
1054 5565
1055 6431
1056 9264
1057 6019
1059 6567
1061 6751
1063 9471
1065 5285
1067 7042
1068 5632
1069 7659
1070 9863
1071 7132
1072 9370
1073 5618
1075 6211
1076 8214
1077 6699
1078 8514
1079 7326
1080 8092
1081 9792
1083 6309
1084 8446
1086 6617
1087 5378
1088 5544
1090 8863
1091 5205
1092 9882
1093 6976
1095 9326
1096 6315
1097 5475
1098 7900
1099 5004
1100 9878
1101 5219
1102 6266
1103 7483
1104 6928
1105 6914
1106 6659
1107 6018
1108 5461
1109 9042
1110 9270
1111 7127
1112 7704
1113 6341
1114 6246
1115 8463
1116 9940
1117 6114
1118 6349
1120 9375
1121 8519
1122 9045
1126 7685
1129 8810
1130 5786
1131 8685
1132 5957
1134 7163
1135 7088
1136 7419
1138 6934
1139 8725
1141 9242
1142 7476
1143 9659
1144 5844
1145 5766
1146 8260
1147 7194
1149 8865
1150 5832
1152 9697
1154 8666
1155 7252
1156 5216
1157 7884
1159 7872
1160 5116
1161 8220
1162 5759
1163 8380
1164 7772
1166 5675
1167 7933
1168 5140
1170 5256
1171 5984
1172 6279
1175 8630
1176 5125
1177 7376
1178 8308
1180 8503
1181 5713
1182 7491
1183 9314
1184 5059
1185 9731
1187 7781
1188 9539
1189 7649
1190 7375
1192 9884
1194 5284
1195 9049
1197 8232
1199 8136
1200 9932
1201 6288
1202 5710
1203 5494
1204 8657
1205 5663
1206 9992
1208 8517
1209 6173
1211 8989
1212 8896
1214 9029
1215 8530
1216 7391
1217 8726
1218 7966
1219 5178
1220 6081
1221 6703
1222 8879
1223 9095
1224 6991
1226 7955
1227 8963
1228 9424
1229 5990
1230 8660
1232 6857
1233 5843
1234 6830
1235 9525
1236 6878
1237 8513
1240 5019
1241 5930
1242 7301
1243 5094
1244 7427
1245 7850
1246 6147
1247 9354
1248 6397
1249 7335
1250 5708
1252 6022
1253 6778
1254 9937
1255 9185
1256 9913
1258 5034
1259 9236
1261 5293
1262 9765
1263 7739
1264 6162
1266 7892
1268 8298
1269 5006
1270 8410
1271 5753
1272 9774
1273 8178
1274 8190
1275 5839
1276 9386
1277 5869
1278 7298
1279 5235
1280 9630
1281 6783
1282 5626
1283 8771
1284 6666
1285 8293
1286 6533
1287 9889
1288 9119
1289 6443
1290 6076
1291 8507
1292 5908
1293 7016
1294 8053
1295 5775
1296 7907
1297 7327
1298 8525
1300 6139
1301 5822
1302 8947
1303 7117
1304 7734
1305 5318
1306 8582
1310 9961
1312 8069
1316 5426
1317 7672
1318 9418
1319 7726
1320 8265
1321 5479
1322 6436
1323 6534
1324 7008
1325 5521
1327 9131
1328 5387
1329 7485
1330 9379
1332 9224
1333 8993
1334 9484
1335 8089
1336 8997
1337 6641
1339 9590
1340 7300
1341 6892
1342 6461
1343 5245
1344 7370
1345 6724
1346 9800
1347 7516
1349 6792
1350 8469
1351 7731
1352 9678
1353 7902
1354 7484
1355 5439
1356 8164
1357 9782
1358 5225
1359 9479
1361 6117
1362 7950
1363 6261
1364 9968
1365 5069
1367 7492
1368 7784
1369 7281
1370 5179
1372 9929
1373 7809
1374 9387
1375 9453
1376 7673
1377 5977
1378 9007
1380 5421
1382 8856
1383 7459
1385 8322
1386 6992
1387 5197
1388 6347
1389 8560
1390 6549
1391 6903
1392 6233
1393 5025
1394 8248
1396 6850
1397 5266
1398 9290
1399 9344
1400 5966
1401 7971
1402 8823
1403 6278
1404 8349
1405 5246
1406 9340
1408 5532
1409 5374
1410 8233
1411 7061
1412 8402
1414 9351
1415 6102
1416 7944
1417 8880
1418 9530
1419 8314
1420 7699
1421 9009
1422 8758
1423 5382
1424 8495
1425 9322
1426 7014
1427 8761
1428 9881
1429 9855
1430 8952
1431 6822
1432 7410
1433 5045
1434 5463
1435 5937
1436 9180
1438 7882
1439 6839
1440 6582
1441 9381
1442 8839
1443 5645
1444 5867
1445 5275
1446 8683
1447 5076
1448 9014
1449 7433
1450 8825
1451 5249
1452 7817
1453 6813
1454 5333
1455 9656
1456 9401
1457 5323
1458 5658
1459 5088
1460 6374
1461 6545
1462 8780
1463 8967
1464 9261
1465 5752
1466 7916
1467 7883
1468 5576
1469 5542
1470 7647
1472 9752
1474 6295
1475 7679
1476 5363
1477 5918
1478 6670
1479 8206
1480 8506
1481 6012
1482 9173
1483 5320
1484 8480
1485 6758
1487 8642
1489 7156
1490 6300
1491 8193
1492 7253
1493 7190
1494 9965
1495 8752
1496 7897
1497 6712
1498 8893
1499 9047
1501 6179
1502 6612
1503 8833
1504 7211
1505 6390
1506 8278
1507 9939
1509 9562
1510 7317
1511 8664
1512 7471
1513 6119
1515 7337
1516 5101
1517 5063
1518 8832
1519 7403
1521 7601
1522 5212
1524 9026
1525 7085
1526 8319
1527 6672
1528 6066
1529 9618
1530 7924
1531 7831
1532 9430
1533 6471
1534 5799
1535 9564
1536 9903
1537 9587
1538 5469
1539 6444
1540 6587
1541 7011
1542 9307
1544 8662
1545 5362
1546 9607
1547 8417
1548 5046
1549 6686
1550 9318
1551 6999
1552 6329
1553 7992
1554 6116
1555 9013
1556 6890
1557 8003
1558 8340
1559 6754
1560 6172
1561 5010
1562 9696
1563 9082
1564 7922
1565 6499
1566 6201
1567 7728
1568 9862
1569 9634
1571 7058
1572 5864
1573 5349
1574 5184
1575 6655
1576 7285
1577 7112
1578 5210
1580 5917
1581 5882
1582 9200
1583 7386
1584 5384
1585 8231
1586 5061
1587 6834
1588 7247
1589 8904
1590 7960
1592 8461
1596 6321
1599 9238
1600 6722
1601 9701
1602 9482
1603 7974
1605 8831
1606 5670
1607 6753
1608 5860
1609 6456
1610 5879
1611 7241
1613 9692
1614 9988
1615 9843
1616 5935
1617 5659
1618 6788
1619 5137
1620 7990
1621 7667
1622 5056
1624 7209
1625 5607
1627 8601
1628 7204
1630 8817
1631 7027
1632 6618
1633 5529
1635 8051
1637 8497
1638 8679
1639 8709
1640 5142
1641 7037
1642 9679
1643 8177
1645 6137
1646 6006
1648 5911
1649 8412
1651 6030
1652 8550
1653 5486
1655 9441
1657 8098
1658 6897
1659 8776
1660 6318
1661 9812
1662 8196
1663 5429
1664 7890
1665 9773
1666 8450
1667 5380
1669 5784
1670 6219
1671 9548
1672 5805
1673 6027
1674 5920
1675 8130
1676 9831
1677 6647
1678 6312
1679 8263
1680 6171
1681 7329
1682 8648
1683 9828
1684 7097
1685 8337
1686 9193
1687 8622
1689 5174
1691 9461
1692 9345
1694 8201
1695 7888
1699 8161
1700 7770
1701 5240
1702 5316
1703 6610
1706 7810
1707 9976
1708 5017
1709 7040
1710 9902
1711 5790
1712 7860
1713 5967
1714 8915
1715 9845
1717 7706
1718 7896
1719 7089
1720 9040
1721 5289
1722 5582
1723 6203
1725 8185
1726 8399
1729 8769
1730 9741
1731 8867
1732 8702
1733 7853
1734 6586
1735 9617
1736 5533
1737 7535
1738 8116
1739 7038
1740 7983
1741 5746
1743 5229
1744 5329
1746 8241
1747 7742
1750 5524
1751 7331
1752 9694
1753 6867
1754 7696
1755 5756
1756 6782
1757 6517
1758 6417
1759 8292
1760 6307
1761 8375
1762 6784
1764 8842
1768 9033
1770 6939
1771 8801
1773 6267
1775 7157
1776 9039
1777 8714
1779 8435
1780 8812
1781 8454
1783 8485
1784 6192
1785 6491
1789 9893
1790 5407
1792 5030
1793 5821
1795 6174
1796 5344
1797 9199
1798 7753
1800 7866
1801 7625
1802 7148
1803 6425
1804 6711
1805 5452
1806 9316
1807 8861
1808 9235
1809 5747
1810 9636
1812 7912
1814 8372
1815 8585
1816 5872
1817 6483
1818 5007
1819 8062
1820 8416
1821 8179
1822 9900
1823 8637
1824 9655
1826 7125
1828 5082
1829 8252
1830 5077
1832 5794
1833 7737
1834 8597
1835 5238
1836 6685
1837 9980
1838 8135
1839 5366
1840 7769
1841 5546
1843 5419
1844 7340
1845 5498
1846 5929
1847 8400
1848 5132
1849 8325
1850 9336
1851 6919
1852 7851
1854 7859
1855 7160
1856 7808
1857 9544
1858 9552
1860 7597
1861 9642
1862 5495
1863 7316
1864 8424
1865 9110
1866 7919
1867 7552
1869 5403
1870 6502
1872 9428
1873 7665
1874 6034
1875 6189
1876 6779
1877 5787
1878 6855
1879 9155
1880 9338
1881 6145
1882 9306
1883 6838
1884 5796
1885 9285
1886 9179
1887 6559
1888 5631
1889 6547
1890 5998
1891 8225
1893 7147
1894 5193
1895 5252
1896 8961
1897 5393
1898 8720
1901 7050
1902 6319
1903 6327
1904 6571
1908 6885
1909 9069
1910 7876
1912 6449
1913 8965
1914 5491
1916 7095
1917 7355
1918 6942
1919 7834
1921 5783
1922 9974
1923 7288
1924 8320
1925 8574
1926 9449
1927 6739
1930 8009
1931 7166
1933 6460
1934 5123
1936 8413
1937 5573
1939 8745
1941 8383
1942 9230
1943 7489
1944 9259
1945 5367
1947 9488
1949 5364
1950 6011
1952 5712
1953 5079
1954 7695
1955 8979
1956 8262
1957 9620
1958 5095
1960 7351
1961 8336
1962 5613
1964 7559
1965 6169
1966 8732
1967 9826
1968 6310
1969 5165
1970 5813
1973 7060
1974 9020
1975 6688
1976 9534
1977 7226
1978 9219
1979 8359
1980 8420
1981 5665
1982 9195
1983 8969
1985 8302
1986 8071
1987 6369
1988 5837
1989 7315
1990 8072
1991 7599
1993 6696
1994 6396
1995 8553
1996 7936
1998 5581
1999 6073
2000 5550
2001 5601
2002 6584
2003 7091
2004 7760
2005 5343
2006 9360
2007 5438
2008 8704
2009 8342
2010 5695
2011 7324
2012 6053
2014 7818
2015 5815
2016 9793
2018 5119
2019 7745
2020 8782
2021 9733
2022 9806
2024 8580
2025 9700
2026 9408
2028 5862
2029 5317
2030 5900
2031 7066
2032 7169
2033 6769
2035 5896
2036 7534
2037 5887
2038 7495
2040 5535
2041 7468
2042 5381
2043 7073
2044 7509
2045 7359
2047 6125
2048 9747
2049 5322
2051 6281
2052 8394
2053 8775
2054 8632
2057 7282
2058 6824
2059 9585
2060 8566
2061 8030
2063 5578
2064 9492
2065 7779
2066 6594
2067 9964
2069 5743
2071 9169
2075 5015
2076 6028
2079 7170
2080 6648
2082 8122
2083 9211
2084 8849
2085 8673
2086 6296
2087 8587
2088 9840
2090 7352
2093 9348
2095 7107
2096 7690
2100 8568
2101 6815
2102 9444
2103 9783
2104 6127
2105 9999
2106 8488
2107 9366
2108 5762
2110 8674
2111 7371
2112 6450
2113 9602
2114 8955
2116 5203
2117 5254
2118 8047
2119 7265
2120 7777
2122 9392
2123 5639
2124 5358
2125 9181
2127 7131
2128 8330
2130 7158
2131 8763
2132 5248
2133 8917
2135 9627
2136 8127
2138 7555
2139 6097
2140 5960
2142 6260
2144 6603
2145 5802
2146 8584
2147 9624
2148 7059
2150 9149
2152 9107
2153 8223
2155 8145
2156 9533
2157 9721
2158 6063
2159 6550
2161 5185
2162 5080
2163 7341
2166 9182
2167 7764
2168 8456
2169 9369
2170 8346
2171 9645
2172 7803
2173 5337
2174 5780
2175 5043
2176 8707
2177 9432
2178 7184
2179 6282
2180 9022
2182 5158
2185 6435
2186 9981
2189 6113
2192 7174
2193 7321
2194 6927
2195 6905
2198 5564
2200 5827
2201 5139
2203 7195
2204 6579
2205 9089
2206 6065
2207 6099
2208 5269
2210 8321
2211 9921
2212 7278
2213 8847
2214 7841
2215 7794
2216 5861
2217 5661
2218 8237
2219 7903
2220 6086
2221 5856
2223 7353
2224 8902
2225 5170
2226 6042
2227 6370
2228 7330
2229 8451
2230 5134
2231 9885
2232 7481
2234 9807
2235 9898
2237 7498
2238 9167
2239 6025
2240 8492
2241 8338
2242 9880
2243 5945
2244 8619
2245 9421
2246 6898
2247 9466
2249 9927
2251 8203
2252 5268
2253 8142
2255 7452
2257 7751
2258 9837
2259 7629
2260 8621
2262 9825
2263 5028
2265 6781
2266 9685
2267 5277
2269 5455
2272 7135
2273 6354
2274 6459
2276 5294
2277 8129
2279 5031
2283 5066
2284 6770
2285 6183
2287 5273
2288 10000
2289 6465
2290 7034
2291 7320
2292 6175
2296 9183
2298 8049
2300 5467
2302 6564
2303 6130
2304 5242
2305 9708
2306 6085
2307 8149
2308 9628
2309 6286
2310 9237
2311 9385
2312 9413
2313 5623
2314 5924
2315 6900
2316 8987
2317 5346
2318 8447
2319 5070
2320 8180
2321 8808
2323 9226
2324 9515
2325 5996
2326 7920
2327 9191
2329 5583
2330 9189
2331 6416
2332 7804
2333 8988
2334 5115
2335 5153
2336 8182
2337 8918
2338 7561
2339 7829
2340 8618
2341 8731
2342 8244
2343 8933
2344 8274
2347 9657
2348 7701
2349 9126
2350 6554
2353 6214
2354 8131
2355 7708
2356 9690
2357 8542
2359 8067
2360 7453
2361 9547
2362 8200
2363 9085
2364 9663
2365 5685
2366 7908
2367 8773
2368 7305
2369 7835
2370 7996
2371 8083
2372 6067
2373 8868
2374 5156
2375 8610
2376 9967
2377 7010
2378 7399
2379 9394
2380 9162
2381 7758
2382 8633
2383 6265
2385 8168
2386 5321
2388 7670
2389 6907
2390 9959
2391 5038
2392 9063
2393 9025
2394 7463
2395 6773
2396 6842
2397 5736
2398 7346
2399 9065
2401 8347
2402 8877
2403 7811
2405 6026
2406 8478
2407 6258
2409 8564
2410 8253
2411 9953
2412 9892
2413 8429
2415 6941
2416 9372
2417 6585
2418 5372
2419 9269
2420 7740
2421 6998
2422 7815
2423 5921
2424 6402
2425 5428
2426 7280
2427 5705
2428 6943
2429 5828
2430 7573
2431 9280
2432 6772
2433 7308
2434 8765
2435 6421
2437 9512
2439 5098
2440 9623
2442 7880
2443 6918
2444 8081
2446 7480
2447 8459
2449 7373
2450 5963
2451 8327
2452 5234
2454 7959
2456 6387
2457 5906
2458 5691
2460 5462
2461 6727
2462 9161
2463 8531
2464 7680
2466 7082
2467 9429
2468 8781
2469 6937
2471 6620
2472 5875
2473 7893
2474 5782
2476 6355
2479 7870
2480 5983
2484 5383
2485 5308
2487 6343
2490 7536
2491 5304
2492 6826
2497 6700
2498 8793
2500 8852
2501 6160
2502 6555
2503 9282
2504 9507
2505 6339
2506 6050
2507 9438
2508 5987
2509 6432
2510 6302
2511 5401
2512 9166
2514 5680
2515 7930
2516 6544
2517 8703
2518 6674
2519 6866
2520 8581
2522 5457
2524 8427
2525 7533
2526 5223
2527 6306
2528 5157
2530 7579
2531 6196
2532 6816
2533 8238
2534 8217
2535 5798
2536 5493
2537 5298
2538 5505
2539 7183
2540 7965
2541 9724
2542 8907
2543 6060
2545 8323
2546 8667
2547 9010
2548 9688
2549 7637
2550 6820
2551 7171
2552 9586
2555 6568
2556 6120
2557 7596
2558 5497
2559 8029
2560 9008
2561 8448
2562 6299
2563 7878
2565 7429
2566 5662
2567 7021
2568 8681
2570 5657
2571 5591
2572 6158
2573 5589
2574 6963
2575 7822
2576 5868
2577 8128
2578 8593
2579 6014
2580 7067
2581 7206
2582 8430
2583 5433
2584 7836
2586 9858
2587 6239
2588 6621
2589 7435
2591 8878
2592 8175
2593 5361
2595 6509
2597 9357
2600 9308
2601 9273
2602 9832
2603 9341
2604 7007
2605 6041
2606 9101
2607 5471
2608 7394
2609 8489
2610 5023
2611 8352
2612 6420
2614 8588
2615 8858
2616 6504
2617 9244
2618 6029
2619 5806
2620 8558
2621 6650
2622 6427
2624 7064
2625 6543
2627 9111
2628 9814
2629 7750
2630 6430
2632 9265
2633 8932
2634 8174
2635 9566
2636 6176
2637 6793
2638 7873
2639 5788
2640 8634
2641 8668
2644 5703
2645 8522
2646 5621
2648 7026
2650 9388
2651 6525
2653 7767
2656 9319
2657 8279
2658 8277
2659 8539
2661 7576
2662 7901
2663 7842
2664 8911
2666 5696
2669 7362
2671 5997
2675 5330
2676 9320
2677 6948
2679 7508
2681 9073
2682 9748
2684 8079
2686 6401
2687 7377
2688 7387
2689 7812
2690 6622
2693 8606
2694 9818
2695 6592
2696 9619
2698 7692
2699 9397
2700 9768
2701 9171
2702 5586
2704 9589
2705 6056
2707 9928
2708 5677
2709 9601
2710 8016
2712 8423
2713 5982
2714 9799
2715 7571
2717 6352
2719 5413
2720 8476
2721 7550
2722 7638
2723 7057
2724 7251
2725 6849
2728 8611
2729 9969
2730 5648
2731 5916
2733 9178
2734 9576
2735 9850
2737 8953
2738 9532
2739 6950
2740 9759
2741 5785
2742 8235
2745 9972
2747 7078
2750 7474
2751 6294
2754 5067
2756 5021
2757 6190
2758 6523
2759 7580
2760 7752
2762 5807
2764 6251
2765 5001
2766 5283
2767 6490
2768 8924
2769 6797
2770 5348
2773 8246
2774 7988
2775 5114
2776 6675
2778 7798
2779 8431
2780 8027
2781 8727
2782 6776
2783 5136
2784 9597
2785 7486
2786 8189
2791 9450
2792 5441
2793 7527
2794 5399
2795 5953
2796 9494
2798 5033
2799 5655
2800 9097
2801 8387
2802 9756
2805 5556
2806 7645
2807 7762
2808 5024
2810 9458
2811 9785
2812 6409
2813 7017
2814 8247
2815 6446
2816 9582
2817 8227
2818 7438
2819 9616
2820 7565
2821 5652
2822 7976
2823 9229
2825 9896
2826 8046
2828 5303
2829 5096
2830 8654
2832 5448
2833 6814
2834 8441
2835 5760
2836 5501
2837 6836
2838 6048
2839 6250
2840 7482
2841 9011
2843 5108
2844 6844
2845 9491
2846 6371
2849 9745
2851 8039
2853 9350
2854 7428
2856 6043
2857 7540
2859 6742
2861 7430
2863 7775
2865 8687
2866 8493
2868 8535
2870 7350
2871 5938
2873 8068
2874 9483
2875 9729
2876 8388
2877 5540
2878 9835
2879 8213
2880 5656
2881 9218
2882 7336
2885 9962
2886 7199
2887 6510
2889 6986
2890 6956
2891 5058
2892 5835
2893 6209
2894 9365
2896 9080
2897 6861
2898 6271
2899 8296
2900 9134
2904 6746
2905 6311
2906 9726
2908 6884
2909 6519
2911 5800
2912 7122
2913 5202
2914 8631
2915 6561
2916 8999
2917 7448
2918 5484
2920 7186
2921 7396
2923 9243
2924 9060
2926 6372
2927 8270
2928 7343
2929 6951
2931 9286
2932 7406
2933 8392
2934 8960
2935 8470
2936 8846
2938 8936
2940 5609
2941 8033
2942 5933
2943 7586
2944 6177
2945 5731
2946 9758
2947 7678
2948 6361
2950 7233
2951 9757
2952 8951
2953 9820
2954 8381
2956 9732
2958 8750
2961 8521
2962 8930
2963 6447
2965 6256
2966 9681
2967 5992
2968 5411
2969 6010
2970 7379
2971 9083
2972 9205
2973 6787
2974 8114
2975 9459
2976 6136
2977 8315
2978 7497
2982 9661
2984 8786
2985 9595
2986 9676
2987 7643
2988 7578
2989 8942
2990 8357
2991 6729
2992 7449
2993 5032
2995 9535
2996 5749
2997 5817
2998 5884
2999 9575
3000 5278
3001 6732
3002 6636
3004 5725
3005 5575
3006 8639
3007 7293
3008 7774
3009 9702
3010 6229
3012 5694
3014 8370
3015 5599
3016 6551
3018 8294
3019 9738
3020 7805
3021 5716
3022 9674
3023 7496
3024 5825
3025 8800
3026 5515
3028 8041
3029 8711
3030 5612
3031 5744
3032 5133
3034 8992
3035 8171
3036 8941
3037 5629
3038 6123
3039 5163
3041 9214
3042 7234
3043 5282
3044 7400
3045 9501
3046 5405
3047 7967
3048 6978
3049 5745
3050 6090
3051 8124
3052 6704
3053 9957
3055 5606
3057 8390
3058 5928
3059 5012
3060 5855
3061 6234
3062 5571
3063 5183
3064 8715
3065 5765
3066 7048
3067 7927
3068 7864
3069 5499
3071 7711
3072 5102
3073 7383
3074 6155
3075 8954
3076 7493
3077 8935
3078 8883
3081 7217
3082 8222
3083 6204
3084 9078
3086 6325
3087 5628
3089 6938
3090 8215
3092 7110
3093 8768
3094 9074
3097 5962
3098 6489
3099 9901
3100 5522
3102 8358
3103 5707
3104 5217
3105 8331
3106 7322
3109 8906
3110 6243
3111 6738
3112 5196
3113 8266
3114 7501
3115 8312
3116 9176
3117 7545
3119 5404
3120 9801
3121 5201
3124 6088
3125 6947
3126 7935
3127 9400
3128 5552
3129 7296
3131 5836
3132 5698
3135 6222
3136 9599
3137 9667
3140 5518
3143 8282
3144 5701
3146 9775
3147 9100
3148 7616
3149 5616
3150 5087
3151 9621
3153 5986
3154 7889
3155 7754
3157 6598
3158 6244
3160 8805
3161 8061
3164 6763
3165 9643
3166 6854
3169 8037
3170 8063
3171 9404
3172 9071
3173 9572
3174 8624
3175 5233
3177 7816
3178 7609
3179 8004
3180 6640
3181 7005
3182 9390
3183 5306
3186 8882
3187 6591
3188 7995
3189 7146
3191 8869
3192 6093
3193 9330
3194 6821
3195 8407
3196 7108
3198 9991
3199 5127
3200 5668
3202 8055
3203 7721
3204 9024
3205 7997
3206 6569
3207 5147
3208 6001
3209 6625
3210 5847
3211 9133
3213 8093
3214 6072
3215 8195
3216 5211
3217 7795
3218 7479
3219 6342
3220 6654
3221 7913
3223 5804
3225 8042
3226 9260
3227 6200
3228 8306
3229 6962
3230 8592
3231 7133
3232 7676
3233 7180
3234 5830
3235 7141
3236 6645
3238 9543
3239 7246
3241 5842
3243 8173
3244 9222
3245 9713
3246 7198
3247 5443
3248 9246
3249 5437
3251 5054
3252 6508
3253 6961
3255 7654
3256 7164
3257 6997
3258 7312
3259 8591
3260 7367
3261 7392
3262 7039
3263 8285
3264 8653
3266 8767
3267 6913
3268 8562
3269 8418
3270 9115
3271 5755
3272 7838
3273 7528
3274 6368
3275 7773
3277 9626
3278 7102
3281 6749
3282 5104
3283 9121
3284 6570
3287 5912
3289 7254
3291 9963
3292 7490
3293 9077
3294 8546
3295 7109
3296 6741
3298 6695
3299 6422
3301 7724
3304 6195
3305 6542
3308 6135
3309 8467
3310 7539
3311 5376
3312 7458
3314 9051
3315 5396
3316 8710
3317 8615
3318 6232
3319 8784
3320 9553
3322 9771
3323 7333
3325 5888
3326 9296
3327 9842
3328 8251
3329 9781
3330 7054
3331 5854
3332 6825
3334 6227
3335 8176
3336 6055
3337 9958
3339 9639
3340 8363
3341 7639
3343 9839
3344 9867
3345 5809
3347 9090
3348 6226
3349 7210
3350 7877
3352 5687
3353 7416
3354 5354
3355 6995
3356 5566
3358 5490
3359 7235
3360 5849
3361 6818
3362 8736
3363 5026
3364 6262
3365 7176
3366 9016
3367 5092
3368 9023
3369 6046
3371 9625
3373 9201
3375 9809
3376 9571
3377 6047
3378 8799
3380 5781
3382 9050
3383 9917
3384 7020
3387 8126
3388 6134
3389 9407
3390 8638
3391 6701
3392 8096
3395 5907
3396 8345
3397 5551
3398 9933
3399 6671
3400 9116
3403 8791
3404 7658
3407 8659
3408 6373
3409 7806
3410 6731
3411 7205
3412 8991
3414 8415
3415 8534
3416 5730
3417 5036
3418 6434
3419 6270
3420 5904
3421 6989
3422 6151
3423 6503
3426 8770
3427 6537
3428 5241
3429 8291
3430 8643
3431 5764
3432 8701
3433 6684
3434 5859
3435 7075
3436 7979
3439 8990
3440 9317
3441 5528
3442 7802
3443 8603
3444 6969
3445 6188
3446 5568
3449 8305
3450 6954
3451 9004
3452 9574
3453 7103
3455 5523
3456 9895
3457 9861
3458 9879
3459 9510
3460 9468
3461 7529
3463 5704
3464 5189
3465 7189
3466 9099
3467 9304
3468 6454
3472 6652
3473 7150
3474 5926
3475 9334
3476 6891
3477 6687
3479 5377
3480 9145
3481 7662
3483 9931
3486 9750
3487 7778
3490 6806
3491 6230
3492 5877
3493 5148
3494 6237
3495 9478
3496 9094
3498 9337
3499 5414
3500 8945
3501 6873
3502 9015
3504 9030
3505 8426
3507 5980
3508 8065
3510 7287
3511 5525
3513 9622
3514 8561
3515 6563
3516 5939
3519 7152
3521 5100
3524 9435
3525 8589
3526 7035
3527 9514
3528 5124
3530 7347
3531 7357
3532 7671
3533 5307
3535 7620
3536 6812
3538 9109
3540 8602
3541 8834
3542 7111
3543 9720
3544 6760
3545 7307
3547 9926
3548 8297
3549 8576
3550 5679
3551 9612
3552 8612
3553 6039
3556 5267
3558 7269
3559 6881
3561 6882
3562 9925
3564 6922
3565 7940
3566 8362
3567 9311
3568 7837
3569 5646
3570 9310
3571 6613
3573 8490
3574 6275
3575 8649
3577 9987
3578 7345
3579 6611
3580 5195
3583 5950
3585 8512
3586 9994
3588 9705
3590 9043
3591 9811
3592 8036
3593 7043
3595 6967
3596 9106
3597 8796
3598 7385
3599 6993
3600 8353
3601 5464
3602 8107
3605 5440
3608 9794
3609 7332
3610 7581
3611 8133
3613 8365
3614 9349
3615 6044
3616 5684
3619 9578
3620 6713
3621 7513
3622 9207
3623 6766
3624 5644
3625 6785
3627 8050
3629 6455
3630 6965
3632 8125
3635 7187
3637 6665
3638 5425
3639 9911
3644 6974
3647 8912
3648 9941
3649 7052
3650 7538
3653 9164
3654 5110
3655 5758
3657 7294
3658 5353
3659 9631
3662 7543
3664 6552
3667 7130
3668 8326
3671 8682
3672 9427
3674 6869
3675 7276
3676 7560
3677 7000
3678 5870
3679 8332
3681 5757
3682 7544
3684 9297
3686 7221
3687 7906
3688 9132
3689 9942
3692 9677
3693 7374
3695 5899
3696 5681
3698 9489
3699 5103
3701 7338
3702 5738
3705 8324
3706 8090
3708 5814
3710 6440
3711 8598
3712 8239
3713 5458
3715 6762
3716 6131
3717 9762
3718 7624
3719 5313
3722 7799
3724 7664
3725 7503
3726 8928
3731 7402
3732 5432
3734 7093
3735 5961
3736 7712
3738 6264
3739 8165
3740 5261
3742 8501
3743 7879
3744 9228
3745 8377
3746 8064
3747 9433
3749 7675
3750 5979
3751 8087
3752 5325
3754 9018
3755 9391
3756 5834
3757 7914
3759 5489
3760 6380
3761 6566
3762 5942
3763 7953
3764 7409
3765 8749
3767 6283
3770 5228
3774 5831
3775 5692
3776 7790
3778 8280
3779 9298
3780 6860
3781 5097
3783 5995
3784 8851
3785 7259
3786 7069
3788 6678
3789 9254
3791 8814
3792 8191
3794 9668
3795 9734
3796 6104
3797 7826
3798 9186
3799 5388
3800 9629
3802 5539
3803 8439
3805 8366
3806 8518
3807 8097
3809 9790
3810 6074
3811 7963
3813 6801
3814 5347
3816 6470
3817 9395
3818 8245
3819 9854
3820 9727
3821 7062
3822 9849
3823 7473
3824 7611
3825 7232
3826 7080
3827 6540
3829 7279
3830 5253
3831 5188
3832 6194
3833 9137
3834 7311
3836 5310
3837 9225
3838 9221
3839 7422
3840 5840
3842 9006
3843 7024
3844 6141
3845 7215
3846 7092
3847 6532
3848 5105
3849 8355
3850 7045
3851 5274
3852 6314
3854 7499
3855 5944
3856 7885
3857 9163
3861 8860
3862 6497
3864 5502
3866 7593
3868 6378
3869 5324
3870 8328
3872 5810
3873 7707
3874 6917
3876 9822
3878 8146
3879 9419
3881 8901
3882 8479
3885 7441
3887 8528
3888 5688
3889 6863
3890 8908
3891 7857
3894 6982
3895 5220
3897 5824
3898 6170
3899 5852
3900 9673
3901 9227
3902 6706
3903 8646
3904 5232
3905 9312
3906 9088
3907 9463
3909 6208
3910 6077
3911 8267
3912 7325
3915 8551
3916 7028
3917 5164
3919 9376
3921 5111
3922 6165
3923 9152
3924 8249
3926 7542
3927 7614
3928 5559
3929 8056
3931 7231
3932 6466
3933 9054
3935 6293
3936 8384
3938 8934
3939 6804
3941 8748
3942 8884
3944 5259
3945 5803
3946 5326
3947 6966
3948 9511
3949 5392
3951 8242
3952 5296
3954 7053
3956 7006
3958 6512
3961 6599
3963 6092
3964 7216
3965 5700
3966 9922
3967 5263
3968 5901
3969 9797
3971 9749
3973 9293
3974 8713
3975 5883
3976 8284
3977 6970
3978 6285
3979 7644
3980 6181
3981 8737
3982 7244
3983 9476
3985 8694
3987 9753
3988 7465
3989 8762
3990 5332
3991 5823
3992 7349
3993 8505
3994 8147
3995 5352
3997 7519
3998 7554
3999 7388
4000 7364
4001 8978
4003 8728
4004 8409
4005 8035
4006 7255
4008 6095
4009 9470
4010 9803
4011 6362
4012 9613
4013 8208
4014 7420
4015 7832
4016 8385
4017 7299
4018 6031
4020 6277
4022 6284
4023 5572
4024 8614
4028 9658
4029 5121
4031 5557
4032 6528
4033 6228
4035 6817
4036 7958
4038 9490
4039 5128
4041 9763
4042 6852
4043 7757
4044 7303
4045 7049
4046 6301
4047 5186
4048 6683
4050 6357
4052 6744
4053 8712
4054 5424
4055 6657
4056 5619
4057 5014
4058 6442
4060 5109
4061 8496
4062 9990
4063 9425
4065 6868
4066 9032
4067 7791
4068 8329
4071 5336
4073 9393
4077 6790
4079 8885
4080 9495
4081 6910
4082 6140
4083 6908
4084 5702
4086 9767
4087 7962
4091 7154
4092 8491
4095 7511
4096 6148
4098 8256
4099 8060
4102 7594
4103 8859
4104 8959
4105 7119
4106 5534
4107 9383
4109 5897
4110 8484
4112 7168
4113 6511
4114 6486
4115 7271
4116 6877
4117 9864
4119 8640
4121 6708
4122 5808
4123 7149
4124 9778
4125 7532
4126 7144
4127 5206
4128 6320
4129 5640
4130 7703
4131 7470
4133 9447
4136 9204
4139 5445
4141 7575
4142 9865
4143 7009
4144 6833
4148 8018
4149 8466
4150 6410
4152 9315
4153 5507
4154 6424
4156 6163
4158 5769
4159 7328
4160 9102
4161 6513
4162 8040
4163 6630
4164 8473
4167 8304
4168 9035
4169 8670
4170 6009
4171 7956
4173 9305
4174 7932
4176 9283
4177 9951
4179 7828
4180 9735
4181 9274
4182 5812
4183 6595
4186 8545
4187 8820
4188 8760
4189 5199
4190 9887
4191 7440
4193 5723
4194 7421
4195 8651
4196 5003
4198 9120
4199 9170
4201 9581
4202 5177
4203 7749
4204 7002
4208 9522
4210 8625
4211 7855
4212 5636
4213 8499
4214 8397
4215 8656
4216 9140
4218 8419
4219 9192
4220 6225
4221 5292
4222 5416
4223 6205
4226 6853
4227 8688
4228 5697
4229 8268
4231 7363
4232 6605
4233 7267
4235 5117
4236 5144
4237 6823
4238 6437
4239 8010
4241 6124
4242 8316
4243 6990
4244 6728
4245 6789
4246 8894
4247 8613
4248 8895
4249 9064
4250 9950
4251 8957
4252 5276
4253 6212
4254 6322
4255 5483
4256 6693
4257 6923
4259 6796
4260 8680
4262 7369
4264 7319
4265 6507
4266 5946
4268 5149
4270 7264
4272 7874
4273 9944
4274 7574
4275 6376
4278 9493
4279 5488
4280 6871
4282 5931
4284 6985
4285 6191
4286 7173
4289 6721
4292 5286
4293 5345
4294 8695
4295 7074
4297 9798
4298 7904
4299 6726
4301 9206
4302 5721
4303 6210
4304 9852
4306 8733
4307 8052
4309 8443
4311 7840
4312 7718
4313 7425
4315 8376
4317 8913
4318 7139
4319 7931
4320 6395
4322 7451
4323 7723
4325 9332
4326 8221
4327 8073
4329 7177
4330 9037
4331 8202
4332 5417
4333 8927
4334 7123
4336 8482
4337 7302
4338 5167
4339 8287
4340 7181
4341 6730
4343 6710
4344 8181
4345 7284
4346 6676
4350 8436
4351 5793
4352 9248
4354 8995
4355 6694
4356 5735
4357 7846
4358 7788
4359 8540
4360 6252
4361 7821
4362 9271
4364 7222
4366 9570
4367 7591
4369 9046
4373 9904
4374 8110
4376 9908
4378 6847
4379 9267
4380 6111
4381 7191
4382 7454
4383 9654
4384 5949
4385 5968
4387 8311
4388 8729
4389 6960
4390 5118
4392 9091
4396 7652
4397 5650
4398 7466
4399 5580
4400 9168
4401 7100
4402 7426
4403 7782
4404 6556
4406 9302
4407 6348
4409 9087
4411 5020
4412 7227
4414 6718
4415 8123
4416 7076
4417 6929
4418 7756
4420 9027
4423 6940
4425 5597
4426 9651
4427 8925
4428 6756
4429 8310
4430 5577
4432 8148
4433 7923
4435 7843
4437 8797
4438 5739
4440 6920
4442 5699
4443 5465
4444 5309
4445 9844
4446 5971
4447 8888
4448 7926
4449 9257
4450 7929
4451 6468
4453 7911
4454 8783
4456 7033
4457 5509
4458 6061
4461 6062
4462 6069
4463 7423
4466 6290
4467 7705
4469 8074
4470 6576
4471 6859
4472 8692
4473 6334
4474 9910
4475 8700
4476 8031
4477 8835
4478 6876
4479 5638
4480 7556
4481 9136
4482 7531
4483 7796
4484 8011
4486 6808
4487 8183
4488 8108
4489 6360
4490 6142
4492 9536
4493 8627
4494 5478
4496 5141
4498 9716
4499 7521
4500 9448
4501 8066
4502 9325
4505 7732
4506 6377
4509 5060
4510 8565
4511 5647
4512 7432
4513 9299
4514 7263
4515 7031
4516 7973
4517 9930
4519 9680
4520 9188
4521 7948
4523 9143
4524 7071
4525 6037
4528 6408
4529 8719
4533 9946
4536 6572
4537 6627
4539 6664
4543 6677
4545 5989
4546 7909
4547 9549
4548 7608
4549 7304
4550 6024
4551 5669
4552 9138
4553 5412
4554 9764
4555 5511
4556 9281
4557 6522
4558 5547
4559 8158
4562 6249
4563 5865
4564 8024
4565 8170
4567 8785
4570 9740
4571 6669
4572 8962
4573 9565
4574 8645
4575 6748
4577 8570
4578 6240
4579 8143
4580 6448
4581 6935
4582 5311
4583 7568
4584 7595
4587 5230
4588 6946
4589 9662
4591 8283
4592 5476
4593 6297
4594 8211
4595 6764
4598 9210
4599 9682
4600 9487
4601 8586
4603 9960
4604 6848
4605 8850
4606 5239
4609 7408
4610 6272
4611 8790
4612 9598
4613 8578
4614 9084
4615 9017
4616 7099
4617 8900
4620 9403
4623 6494
4624 7600
4625 7510
4626 7515
4627 6149
4628 8187
4630 7610
4633 9545
4634 6005
4635 9123
4637 5561
4640 8636
4641 7268
4642 6531
4644 5560
4646 7898
4647 7114
4648 6926
4649 8483
4650 9276
4651 5993
4653 7863
4654 7344
4655 5548
4657 6958
4658 8872
4659 5288
4660 5776
4661 5340
4662 7342
4663 8468
4666 8840
4668 9409
4669 7572
4670 6121
4673 8671
4674 9076
4675 7134
4676 7520
4677 5848
4678 6979
4680 6096
4681 7245
4682 6629
4683 8440
4685 7839
4686 7585
4687 7525
4688 8940
4689 6485
4690 7589
4691 6405
4692 5037
4693 9606
4694 5741
4695 5162
4696 6514
4697 5748
4699 9652
4701 6759
4702 8269
4703 5093
4704 5485
4705 7292
4708 6597
4709 6419
4710 5472
4711 9272
4712 8395
4715 8818
4717 8623
4718 7214
4719 9704
4720 7849
4721 8845
4724 7530
4726 8533
4728 8743
4729 9367
4731 8021
4733 8057
4734 6644
4735 6590
4736 9346
4737 8686
4738 9520
4741 9556
4743 5970
4744 8663
4746 6614
4747 8078
4748 5545
4749 8111
4750 8575
4751 9827
4752 6129
4753 6332
4754 9124
4755 6245
4756 8445
4758 5264
4759 7456
4763 7431
4764 6083
4766 7858
4768 6780
4769 9568
4770 5369
4771 8113
4772 7161
4773 5940
4774 6418
4775 5620
4776 7771
4780 6393
4781 6765
4783 8391
4784 8609
4785 9513
4786 6248
4787 6146
4788 8871
4790 9437
4792 6673
4793 9309
4794 6221
4795 8583
4796 8290
4797 8453
4799 7684
4800 9784
4801 5770
4804 6333
4805 9399
4809 7562
4810 7418
4811 7954
4812 7713
4813 9129
4814 7365
4817 5112
4818 8616
4820 6467
4823 6381
4825 8389
4827 8117
4828 9451
4829 8464
4831 9805
4832 7915
4833 9303
4834 6957
4835 5305
4836 7462
4837 5150
4838 7844
4839 9150
4840 8396
4841 9460
4844 5664
4845 9644
4848 6723
4849 9786
4850 9364
4851 7759
4852 8920
4853 7098
4854 7702
4855 7494
4856 5081
4858 7197
4859 9075
4860 7121
4861 9776
4862 9105
4863 9754
4868 9355
4869 5964
4870 8333
4871 5678
4872 7640
4873 7382
4875 7567
4876 7046
4878 8690
4879 7475
4880 7607
4881 6795
4883 8826
4884 8975
4885 7957
4886 6575
4887 8596
4888 6383
4889 9154
4890 5297
4891 7262
4893 6238
4894 7411
4895 9523
4896 9632
4897 6811
4898 6864
4899 7522
4900 7393
4901 9823
4902 6875
4904 7036
4906 9268
4907 9363
4908 5084
4909 6101
4910 9580
4911 8628
4913 8477
4915 9068
4916 7003
4917 5728
4920 7196
4922 6944
4923 6180
4924 9113
4927 5742
4928 7290
4929 6593
4930 7905
4931 6743
4933 8661
4935 9079
4936 7720
4940 5611
4941 5194
4942 6872
4946 9789
4948 8641
4949 7323
4950 9295
4951 6152
4953 9021
4954 8994
4955 8809
4957 9209
4958 9361
4959 8843
4960 7698
4961 6560
4962 6777
4965 5466
4966 6661
4968 5151
4969 8734
4971 7691
4972 6040
4973 5169
4974 7461
4975 8696
4976 7891
4978 7587
4979 7949
4980 8819
4981 6247
4982 9417
4984 8538
4985 7055
4986 6798
4987 7240
4988 6213
4990 5874
4993 7523
4994 5161
4995 9838
4996 8344
4998 8163
4999 7366
5000 9560
