5000 5000
3920
1 5036
2 9595
3 6819
4 6007
6 5922
7 9972
8 6849
9 5959
10 6124
11 9511
12 7387
13 6479
14 9900
15 5747
16 8731
17 6198
18 9447
19 8961
20 6631
21 7084
22 7192
23 9223
24 5605
25 8004
26 5539
28 8547
29 6200
30 7379
31 8582
32 8373
33 5738
34 7492
35 8473
39 8355
41 8927
42 5227
43 9390
44 6155
45 8722
46 6643
47 5407
49 8030
50 5054
51 9843
52 6901
54 5346
56 7214
57 8660
58 8313
59 8279
60 5572
61 9514
62 8916
63 8143
64 6531
65 7948
66 6766
67 8650
68 6881
69 7528
71 6924
73 7673
74 7010
75 6444
76 7266
77 7483
78 5923
79 7015
81 6414
82 7505
83 6230
84 7467
85 8190
86 8706
87 7576
88 6509
89 8161
90 5173
91 8165
92 9503
93 7290
94 9415
95 9437
96 5413
97 7686
98 6191
99 6712
100 5116
101 9177
103 7879
104 5393
105 9696
106 6617
107 8220
108 9458
109 6990
110 8957
111 9369
112 5971
113 6720
114 8233
115 8198
116 5875
117 6537
118 9195
119 5884
120 8227
121 7955
122 8886
123 8888
124 5426
125 8077
126 5927
127 7838
129 9574
130 7075
131 8659
132 5322
133 6586
134 5921
136 9901
139 6229
140 5298
141 5755
142 8317
143 8366
144 5278
145 5073
146 5142
147 9374
148 9888
149 9058
150 5416
151 8089
152 6140
153 8986
155 9482
156 6978
157 8867
158 7180
159 6781
160 8834
161 6113
162 7627
163 9729
164 7623
165 5219
166 9895
167 9641
168 7843
169 7323
170 7535
171 6796
172 8556
173 7354
174 7004
175 9226
177 5826
178 5690
179 6676
182 5052
183 9959
184 8310
185 8771
186 6896
187 9707
189 6344
190 8260
191 5723
192 8964
193 9307
194 9930
195 9578
196 6429
197 9425
198 7752
199 7399
200 6630
201 5296
202 8149
203 7453
204 7158
207 6129
211 6001
212 8049
213 6397
214 8907
215 6213
216 7622
217 7998
219 8362
220 6809
221 6618
222 8059
223 5204
224 9182
225 5079
226 7679
227 5912
228 7081
229 8447
230 7145
231 6758
232 9999
233 6040
234 8604
235 9232
236 7869
237 7376
238 9205
239 6688
240 6798
242 5281
243 7366
244 9799
245 9687
246 8839
247 5642
248 9546
249 7425
250 5388
251 9577
252 8666
253 9940
254 8734
255 8321
256 6090
258 9991
259 5833
261 7247
263 5915
264 9155
265 7903
266 6558
267 7633
268 9029
269 8941
270 8239
271 5436
272 8352
273 7095
274 7577
275 6565
276 9340
277 9234
278 8020
279 7236
280 9601
281 9062
282 6285
283 6295
284 9933
285 9821
286 9218
287 8148
289 7305
290 5352
292 8238
293 7435
294 8743
295 6078
296 6520
297 6456
298 7200
299 7654
300 9695
301 5029
302 7533
303 6822
305 9853
306 8128
307 8811
308 6637
309 6888
310 5248
311 7375
312 8649
314 9364
315 5713
316 7135
317 5633
318 8484
319 7862
320 5176
321 9920
322 7961
323 8008
324 5383
326 5201
327 9394
328 5264
329 9526
330 5137
331 7196
332 7703
334 8445
335 6364
336 6611
337 6348
338 5562
339 5155
340 6868
341 7441
342 9288
343 8146
344 8930
345 9047
346 5333
347 5854
348 5131
349 7101
350 9785
351 8541
352 7813
355 7602
356 7245
357 8382
359 7235
360 7201
361 9805
362 5981
363 6709
364 6096
365 7694
366 8425
367 8389
368 8501
369 6515
370 5485
371 5124
372 6553
373 9637
374 9994
375 9478
376 5246
377 6572
379 7449
380 9095
381 8186
383 5599
385 6818
386 8105
387 9808
388 8806
389 5014
390 9298
391 7569
392 6989
393 6244
395 8776
397 7775
398 7085
399 8418
400 5856
401 5851
402 7863
403 5987
404 5003
406 6438
407 8474
408 6833
409 8881
410 9876
411 9056
413 8975
414 7499
416 5917
417 6602
418 9272
419 5636
421 7687
422 8932
423 7381
424 9529
425 7068
426 5514
427 9037
428 7721
429 6333
430 8880
431 8628
432 9688
433 8458
434 6621
435 5242
436 6986
437 5391
438 5353
439 6427
441 5779
443 8935
444 9734
445 9691
446 6852
447 9815
448 9993
449 8748
450 9942
451 5175
452 6548
453 8990
454 8746
458 8423
459 9167
460 7605
461 8221
462 8603
463 6862
464 9409
465 9773
466 7199
467 6812
469 6860
470 7764
471 6657
472 9756
473 7682
474 7442
475 6752
477 9923
478 8151
479 5516
480 8415
481 8631
482 8390
484 5756
486 7092
487 7668
489 5838
490 9530
491 6187
492 6473
493 9356
494 9604
495 9771
497 8539
498 6454
499 6718
500 8656
502 6646
503 9129
504 5448
505 7954
506 9470
507 9326
508 5857
510 9376
511 7977
512 9398
515 8300
516 5400
517 9242
518 5366
519 8497
520 8043
521 8848
522 9351
523 9803
524 7826
525 9290
526 8179
527 9126
528 6753
529 5008
530 6370
531 9308
532 9949
533 6987
534 5960
535 5764
536 5235
537 7454
538 6739
539 7122
540 7748
541 9788
543 5858
544 7844
545 6497
546 8548
548 5106
549 6121
550 5047
551 6184
552 6162
553 9863
554 9567
555 9555
556 5158
557 6212
558 8921
559 6678
560 8620
561 7671
562 5973
563 8302
564 7620
565 8173
566 9768
567 6810
568 6175
569 8973
571 6710
572 7420
574 6675
575 5994
576 6441
577 9541
578 8475
579 5310
581 6873
582 7267
583 9591
585 7405
586 8525
587 6343
588 8765
589 8070
590 6652
591 7782
592 6737
593 7172
594 8744
595 8297
596 7136
597 6076
598 6326
599 5531
600 6535
601 5283
602 8329
603 9726
604 5686
605 6914
606 8407
607 5488
608 6521
609 7374
611 5824
613 9697
614 9283
615 5825
616 9005
617 6199
618 5557
619 7333
620 8358
621 7728
622 5308
623 6355
624 6648
625 6246
627 5543
628 9646
629 7808
630 8488
631 7988
632 5420
633 8508
634 8567
635 5650
636 7289
640 6566
641 6859
643 6002
644 6024
645 8095
646 5443
647 9114
650 6085
651 5616
652 6856
653 5520
654 7566
655 6786
656 8414
657 8655
658 8885
659 5863
660 5190
663 6133
664 8526
666 8295
667 6755
668 5797
669 9879
671 8031
672 8073
674 9869
675 9880
676 9132
678 7551
679 7337
680 5205
681 7805
682 8272
684 5463
685 8818
687 6651
688 7887
689 6626
690 6401
691 9333
692 6991
693 6702
694 6800
696 6470
697 7464
699 6020
700 5529
702 8448
703 5063
704 5220
705 9148
706 6595
707 7773
709 7793
710 6131
712 9814
713 9728
714 6247
715 8685
716 5129
718 8334
719 7423
720 7501
721 7587
722 6724
723 9779
724 8195
725 9962
726 9427
727 5338
728 8591
729 7509
730 9009
731 7018
732 6030
733 5518
734 7508
735 9260
736 6073
738 9912
739 5101
740 7153
743 7711
744 9535
745 8093
747 5238
748 8075
749 5750
750 6900
751 7870
752 7638
754 6100
755 9798
756 6722
757 9622
758 5811
759 6394
762 7621
763 5048
764 6808
765 6979
766 5943
767 5593
768 7294
770 9257
771 7675
772 6599
773 9320
774 7080
775 6820
776 8755
777 9016
778 7830
779 8909
780 6756
781 6252
782 8503
783 9383
784 7741
785 8720
786 8784
788 9866
789 5822
790 8299
791 7234
792 8914
793 6431
794 9277
795 6039
796 5996
797 6826
798 6857
799 8026
800 5309
801 8560
802 7593
803 9098
805 9643
806 9512
808 6708
809 8282
810 8550
811 9970
812 8100
814 9091
816 6352
817 9042
818 6837
819 8536
822 5941
824 7300
825 5736
826 8851
827 6384
828 7801
829 6944
830 7020
831 6341
832 9652
833 5946
834 5470
835 5581
836 5877
837 8225
843 7926
844 6526
845 6151
848 6288
849 5652
850 8933
851 6875
852 5908
854 5348
855 6699
856 5791
857 8889
858 9753
859 8094
860 6735
861 7356
862 9733
863 7121
864 7168
867 5483
869 5753
870 9536
871 8647
872 9973
873 6446
874 9038
875 9353
878 7393
879 9710
880 8879
881 9902
882 9850
883 5375
884 9027
885 6941
886 5677
887 7985
889 5064
890 7098
891 6277
892 6036
893 9572
894 5123
895 5873
898 7990
899 5071
900 8069
901 5675
902 7824
903 8430
904 9704
905 5643
906 8071
907 9328
908 5087
910 5984
911 8207
912 7802
913 9585
915 8088
916 6782
917 5459
918 7531
919 6633
920 8417
921 8086
923 5108
924 8981
925 6972
926 5221
929 6503
930 7058
931 6690
932 9500
935 9185
937 8896
938 9465
939 7592
941 5909
942 8039
943 7692
944 6894
945 7346
946 6062
947 9002
948 5255
950 7923
951 9606
952 5266
953 6634
954 8877
955 7648
956 5279
957 7353
958 7911
959 6561
960 9506
961 8724
962 6094
963 7993
965 7033
966 9055
967 6101
969 5576
970 9619
971 7900
972 5634
973 5479
974 9135
975 7057
976 5200
977 6669
978 7540
979 8966
980 5696
981 6569
982 6922
983 8915
984 6306
985 5570
986 9542
987 6385
988 7348
990 8846
991 5405
992 9794
993 9210
994 8989
995 5555
996 9560
997 5149
998 5447
999 7500
1000 6889
1001 5939
1002 5230
1003 5458
1004 7458
1005 5082
1006 8405
1007 9910
1008 9249
1009 6853
1010 5104
1011 8750
1012 5337
1013 9248
1014 6741
1015 5441
1016 8543
1017 9800
1018 9262
1020 8938
1021 5125
1022 5566
1023 5904
1024 8804
1026 6804
1027 6012
1028 9837
1029 7717
1030 7632
1031 7767
1033 7186
1034 5030
1035 5347
1036 9682
1037 5613
1038 5181
1039 9466
1040 8294
1041 7707
1042 7798
1043 9904
1044 5794
1045 8749
1046 9183
1047 7060
1048 6490
1049 6540
1051 9848
1052 6435
1053 6034
1055 9694
1056 8047
1057 7455
1058 8514
1059 5183
1060 5109
1061 6701
1062 9142
1063 6018
1064 8623
1065 9626
1066 7910
1067 9721
1068 8702
1069 6839
1072 7380
1073 8580
1074 6415
1075 8359
1076 9147
1077 6915
1078 9827
1079 7159
1081 7034
1082 7243
1083 8577
1084 8446
1085 9642
1087 7365
1088 8617
1090 8364
1091 9134
1092 7536
1093 8865
1094 6238
1095 8377
1097 7894
1098 6629
1100 7733
1101 7194
1102 7298
1103 5945
1104 9213
1105 5012
1106 5356
1107 6907
1108 7104
1109 7973
1110 9365
1111 5530
1112 7784
1114 9979
1116 7114
1117 5277
1118 8464
1119 7953
1120 7078
1121 8289
1122 6546
1124 9069
1125 6843
1127 9343
1128 6726
1129 9899
1131 9670
1132 9550
1133 6095
1134 7878
1135 5093
1136 5540
1137 7883
1139 9494
1140 8408
1141 7163
1142 7456
1143 6695
1144 8498
1145 5615
1147 9544
1148 9330
1150 6334
1151 7328
1152 5746
1153 6640
1155 5681
1157 8954
1159 5966
1160 5729
1162 6087
1163 9600
1164 8454
1166 7836
1168 5306
1169 8936
1170 7519
1171 6450
1172 5558
1173 8018
1174 9083
1175 8716
1176 7065
1177 5318
1178 9284
1179 5951
1180 7272
1181 6357
1182 9355
1183 7737
1184 9017
1185 8335
1186 6502
1187 5305
1188 6192
1190 5212
1191 5940
1192 6658
1193 6536
1194 6665
1195 8470
1196 9048
1197 8250
1198 9778
1199 5594
1200 6592
1201 5622
1202 9359
1203 7011
1204 9454
1205 5734
1207 5719
1209 5716
1210 8471
1211 6308
1212 7768
1213 5097
1214 8322
1215 7465
1217 9372
1218 5905
1219 9507
1220 8800
1221 9486
1222 8529
1223 5120
1224 6514
1225 9791
1227 9297
1228 6815
1229 8810
1230 9951
1232 9865
1233 9757
1234 6186
1235 9676
1236 9464
1237 8636
1238 8468
1239 9485
1241 5325
1242 8979
1243 6532
1244 5263
1245 9996
1246 5288
1247 7179
1248 7940
1249 9820
1251 8894
1252 8754
1254 6316
1255 6239
1256 5565
1258 8883
1259 6061
1260 5223
1261 5244
1262 8829
1263 9551
1265 6227
1266 8599
1267 8808
1268 6373
1269 8380
1271 7975
1272 8067
1276 9818
1277 9302
1278 9720
1279 5623
1280 9795
1281 8210
1282 7522
1284 5955
1285 8189
1288 5211
1289 6769
1291 5732
1292 5980
1293 8269
1294 9124
1297 7088
1298 7697
1299 9579
1300 9754
1301 8262
1302 7762
1304 7847
1305 9265
1306 7185
1307 7986
1309 9471
1310 8130
1311 6258
1312 6935
1313 5970
1314 5321
1315 9375
1316 6158
1318 6772
1319 5639
1320 8096
1321 6481
1323 9476
1324 5721
1325 6876
1326 8893
1327 9212
1328 9552
1330 7035
1331 8682
1332 8857
1333 9861
1334 9964
1335 6280
1336 8824
1337 6380
1340 9717
1341 5339
1342 6730
1343 5419
1344 6035
1345 9852
1346 8884
1347 7624
1348 7124
1349 6461
1351 9144
1352 6383
1353 6817
1355 7816
1356 5931
1357 5807
1358 7885
1359 8336
1360 9501
1361 5837
1362 7914
1363 9739
1364 9855
1365 7329
1366 7146
1367 5928
1369 7841
1371 9847
1372 6152
1374 7110
1375 8311
1377 5801
1378 9793
1380 5016
1383 7574
1384 7493
1386 8535
1387 5229
1388 6141
1389 8235
1390 9467
1391 9677
1392 8694
1393 5013
1394 7510
1395 8816
1397 7544
1399 7661
1400 6749
1401 8813
1402 6472
1403 6897
1406 5630
1407 9354
1409 8778
1410 6538
1411 7527
1412 7313
1413 9259
1414 6745
1415 8042
1416 8040
1417 5784
1418 9059
1419 5115
1420 5111
1421 7999
1422 7598
1423 8985
1424 8150
1425 7776
1426 7538
1427 7217
1428 7229
1429 6953
1430 5564
1431 9087
1432 6742
1433 5932
1434 9077
1436 9163
1438 5925
1439 9174
1440 8175
1441 6400
1443 8618
1444 9001
1445 7571
1446 6396
1447 7770
1448 7644
1449 7074
1450 5706
1451 5926
1452 6904
1453 9046
1454 6716
1455 9379
1458 6181
1459 6300
1460 6931
1461 6898
1462 5545
1463 8570
1464 7203
1466 6663
1467 9502
1468 9487
1469 8061
1470 9404
1473 7604
1474 7837
1475 5365
1476 8399
1477 6780
1478 7086
1479 9435
1480 6339
1481 9339
1482 6387
1483 9286
1485 9533
1486 5662
1487 7829
1488 9735
1489 7892
1490 7419
1493 8268
1494 9746
1495 6047
1496 9231
1497 5571
1498 7237
1499 6221
1500 9191
1501 6692
1502 9066
1505 5717
1506 6071
1507 8687
1508 9884
1509 6366
1510 8412
1511 9216
1512 6988
1513 9251
1514 5682
1515 7800
1516 5512
1517 9639
1518 9553
1520 8231
1521 9064
1522 7732
1523 8034
1524 7118
1525 7106
1526 8559
1527 9092
1528 5646
1530 8436
1531 9170
1532 9889
1533 6885
1534 9377
1535 9523
1536 6680
1539 5046
1540 7877
1541 6768
1542 8729
1543 9839
1544 9628
1545 5814
1546 6327
1548 6437
1549 6254
1551 5883
1553 6255
1554 8397
1555 9897
1557 8840
1558 9250
1559 6091
1561 7850
1562 5126
1563 5668
1564 7871
1565 5999
1567 5583
1568 6474
1569 5166
1570 7629
1571 5846
1572 7213
1573 5497
1574 8133
1576 7189
1578 6785
1579 8757
1580 9044
1581 6188
1582 9686
1584 9215
1585 7947
1587 7303
1588 5749
1589 9782
1590 9906
1591 6968
1592 5160
1593 5402
1594 6286
1595 9106
1596 7273
1597 5099
1598 9247
1599 9063
1600 5395
1601 9775
1602 7384
1604 5231
1606 9115
1607 7269
1609 6528
1610 8462
1611 8391
1612 9986
1613 9939
1614 6673
1615 7980
1616 5037
1617 9397
1618 5641
1619 6608
1620 6420
1622 6959
1623 9082
1625 9401
1626 9491
1628 5699
1629 5027
1630 5214
1631 8906
1632 8081
1634 8942
1635 6003
1636 7318
1637 9334
1639 8416
1642 8135
1643 9556
1644 9615
1646 8551
1647 7193
1648 9499
1649 9428
1650 6693
1651 5050
1652 6825
1655 9684
1658 9829
1661 8677
1663 6799
1664 8759
1665 7543
1666 7137
1667 5739
1668 6594
1669 6711
1670 9173
1671 7250
1672 7596
1673 9581
1674 8486
1675 5487
1676 7076
1677 7912
1678 8052
1680 9681
1682 9950
1683 8895
1684 7642
1685 9786
1686 5199
1687 8360
1688 8898
1689 8505
1690 8565
1691 7771
1692 6445
1693 7727
1694 8828
1697 5188
1698 7222
1699 6955
1700 8945
1701 9456
1703 5501
1704 7230
1705 9558
1707 8357
1708 9438
1709 7091
1710 9719
1711 9443
1713 9300
1714 6004
1715 6369
1716 5888
1717 8290
1718 9175
1720 7653
1721 7563
1722 5364
1723 5871
1724 5127
1725 6134
1726 9667
1727 5840
1728 5482
1729 6354
1730 5401
1731 7854
1732 9887
1733 6237
1735 7306
1737 7962
1738 9151
1739 5208
1740 6248
1741 7708
1743 9256
1744 7386
1745 9141
1747 7019
1748 9040
1749 8426
1750 8257
1751 7310
1753 9624
1754 5898
1755 6154
1756 7882
1757 7109
1758 7995
1759 9714
1760 6848
1761 7496
1762 5004
1763 8790
1765 9998
1767 5799
1768 7030
1769 8286
1770 6443
1771 6278
1772 9203
1773 7349
1774 7565
1775 8747
1776 7097
1778 6055
1779 9243
1781 9780
1782 7821
1783 9811
1784 5355
1785 5808
1786 6588
1787 7402
1788 6653
1789 5113
1790 9870
1791 5657
1792 6512
1793 5163
1794 9386
1796 7820
1797 7025
1798 7131
1799 5698
1800 9662
1802 9956
1803 7059
1804 5140
1805 7228
1806 7148
1807 8517
1808 5243
1809 5396
1810 6353
1811 5656
1812 6811
1813 8697
1814 9381
1815 6157
1817 9770
1818 8555
1819 8991
1820 5589
1821 6386
1824 9076
1825 9640
1827 6517
1830 6320
1831 7992
1832 5913
1833 5371
1834 9276
1836 9907
1837 7240
1839 9370
1840 6927
1841 9538
1843 9393
1844 8001
1845 5903
1848 7048
1849 9929
1850 5896
1851 9537
1852 6118
1854 7096
1855 6952
1858 6576
1859 7105
1861 7744
1862 6570
1863 8869
1864 9150
1865 8721
1866 7040
1867 7079
1868 6867
1870 6738
1874 9164
1875 7345
1877 6533
1878 5406
1879 6842
1880 9422
1881 6025
1882 5070
1883 9285
1884 6917
1886 5055
1887 8012
1888 5882
1889 5336
1890 8036
1891 8177
1893 7438
1894 5270
1896 8678
1897 6982
1898 7188
1899 5503
1900 6846
1901 8476
1902 9324
1904 6193
1905 9744
1906 5648
1907 8739
1908 7913
1909 8323
1910 8613
1911 5978
1912 5836
1913 6153
1914 9440
1915 7780
1916 9698
1918 6419
1919 6107
1921 5827
1924 9146
1925 6958
1926 7067
1931 6501
1932 7591
1933 9836
1935 6890
1936 9274
1937 9128
1939 7293
1940 5464
1941 6311
1942 7466
1943 6691
1944 8756
1945 9755
1946 5172
1947 6080
1948 8774
1949 9264
1950 8891
1951 9086
1952 8485
1953 9441
1954 9392
1955 9760
1956 8629
1958 8701
1960 6636
1961 8457
1963 5422
1964 8409
1965 5061
1966 8010
1967 8393
1968 5091
1970 7739
1972 6543
1973 5280
1974 5607
1975 9431
1976 5374
1978 7157
1980 7316
1981 6969
1982 6149
1984 8643
1985 8632
1986 6440
1987 9549
1988 9583
1989 9402
1990 9258
1991 7150
1992 8584
1993 5135
1994 7606
1995 9645
1996 8910
1997 5174
1998 7960
1999 5792
2000 7981
2001 8121
2002 7175
2004 8587
2005 7255
2006 8141
2007 5428
2008 7461
2009 6217
2010 9199
2011 9341
2012 9093
2013 9229
2014 5774
2016 7603
2018 6961
2019 6014
2020 8937
2022 8134
2023 6778
2026 6513
2027 5043
2028 6430
2029 8803
2031 7789
2032 5504
2034 6279
2035 5590
2036 7265
2038 9396
2039 6281
2040 8652
2041 6478
2042 6471
2044 6544
2045 9823
2047 8676
2048 5136
2050 8074
2052 6567
2054 8773
2055 5171
2057 5276
2058 7424
2059 8226
2060 7997
2061 6106
2062 9703
2063 5146
2064 5162
2065 7797
2066 5789
2069 6457
2071 8009
2073 5442
2074 7564
2076 9727
2077 6660
2079 9360
2080 9039
2081 6027
2082 9846
2083 8120
2084 9420
2085 8974
2086 7408
2087 8627
2088 6954
2089 6070
2091 5679
2092 9237
2093 8168
2094 6112
2096 9117
2097 8222
2098 9522
2099 8083
2100 5354
2101 7559
2102 8111
2103 5624
2104 5780
2105 9903
2106 9926
2107 5806
2108 5653
2109 7774
2110 8057
2113 7714
2114 7796
2115 7542
2116 7747
2117 9699
2118 5892
2119 9187
2120 5722
2121 5077
2122 8573
2123 6613
2124 7936
2125 5918
2126 6656
2127 6539
2128 6779
2129 6697
2130 7130
2132 5731
2133 7556
2134 8394
2135 6790
2136 6261
2137 9006
2138 9154
2139 8518
2140 8576
2142 8079
2145 8410
2146 6298
2147 7777
2148 9101
2149 6547
2151 8379
2153 5019
2154 8521
2155 7517
2157 9028
2160 8372
2161 8406
2162 5934
2163 8266
2164 8718
2165 5798
2166 5468
2167 7712
2169 6005
2170 9430
2171 5693
2172 7907
2174 8252
2176 5907
2178 8248
2179 5121
2180 7494
2181 9479
2182 5893
2185 8963
2186 9822
2188 5313
2189 7047
2190 5015
2191 6884
2192 5292
2193 9742
2194 6382
2195 9240
2196 5972
2197 7594
2198 9303
2199 9157
2200 7107
2201 7859
2202 6056
2203 8356
2204 9911
2205 6111
2207 9319
2208 5621
2209 6928
2210 5350
2211 9004
2212 5754
2215 5667
2217 9766
2218 7619
2221 7241
2222 7520
2223 6168
2224 5617
2225 8926
2226 7427
2227 9180
2228 6527
2229 9468
2230 9225
2232 6916
2233 8575
2234 7284
2235 9179
2236 6469
2237 7178
2238 5450
2239 5404
2240 9802
2242 8798
2243 5234
2244 8242
2245 7202
2247 7699
2248 6627
2250 7062
2251 8482
2252 6317
2254 9371
2255 5559
2257 6126
2258 7600
2259 5911
2260 9492
2261 9109
2262 8199
2263 5816
2264 9322
2267 8187
2268 9982
2269 7428
2270 8237
2271 5032
2272 7944
2273 7077
2274 7790
2276 5544
2278 9033
2279 9731
2283 9974
2284 6936
2285 5271
2287 7896
2288 9772
2289 8109
2290 8196
2291 6031
2293 8733
2295 8347
2296 9060
2297 7094
2298 5466
2299 9317
2300 5631
2301 9978
2302 8843
2303 8502
2304 5475
2305 8194
2306 5233
2308 9977
2310 7969
2311 9480
2315 7046
2316 7677
2317 6068
2318 9331
2319 7719
2320 7963
2321 6375
2322 8542
2324 8590
2325 5260
2326 8861
2327 9937
2328 8487
2331 8490
2332 6048
2334 5001
2336 9419
2338 9638
2340 9140
2341 5285
2342 6638
2344 9576
2345 7928
2346 5704
2347 5304
2348 5527
2349 9548
2350 9745
2351 7210
2352 8025
2354 6017
2355 6093
2357 7462
2358 7155
2359 9031
2360 9627
2361 9832
2362 8949
2363 6659
2364 9539
2365 8987
2368 5345
2369 8742
2370 5145
2371 5751
2372 7382
2373 9325
2374 8605
2375 5332
2378 9611
2379 6767
2380 9787
2381 6624
2383 9323
2384 7657
2385 5481
2386 5843
2387 6465
2388 6483
2389 6612
2390 6731
2392 6556
2393 6220
2394 6491
2395 6318
2396 6802
2397 7819
2398 5938
2399 7601
2400 7036
2401 7735
2402 8147
2404 7444
2405 9953
2407 5685
2408 6746
2410 8051
2411 7162
2412 8874
2413 6947
2414 7005
2415 7481
2416 9918
2417 7488
2418 7734
2419 5787
2420 7987
2421 5455
2422 8337
2423 5384
2424 8155
2425 8123
2426 7285
2428 8928
2429 7614
2430 6487
2431 6169
2432 5897
2434 7220
2435 5451
2436 8858
2437 7476
2438 9632
2439 7347
2440 8332
2441 8574
2442 5369
2443 7322
2447 7702
2449 9660
2450 9922
2451 6723
2452 5577
2454 5788
2457 7726
2458 5560
2460 6510
2461 9263
2462 7350
2463 6743
2464 5432
2466 7320
2467 7028
2469 6816
2470 7248
2471 5894
2472 6794
2473 8630
2478 9280
2479 9065
2480 8183
2481 7763
2482 5092
2483 6610
2485 5202
2487 5688
2488 6434
2489 7475
2490 9070
2491 6226
2492 5768
2494 7554
2495 6053
2496 7530
2498 8837
2499 9008
2500 6542
2503 9528
2504 9644
2505 6393
2506 5492
2507 6696
2508 7224
2509 9783
2510 5606
2511 5033
2513 6021
2514 6504
2515 6378
2516 9445
2517 8245
2518 5602
2520 5534
2521 8737
2522 8903
2523 9872
2524 6832
2525 7515
2526 8343
2528 5567
2529 6713
2530 5870
2531 9041
2532 6416
2533 5569
2534 7909
2535 8033
2536 5522
2537 5549
2538 6529
2539 5976
2540 7490
2543 7855
2544 6407
2545 9564
2547 6065
2548 6439
2549 5629
2551 7016
2552 5060
2553 9508
2554 6194
2555 6211
2556 6869
2557 9738
2558 9363
2560 7191
2561 8988
2562 5957
2563 6476
2564 8644
2565 9463
2566 5700
2568 9011
2570 6241
2572 8117
2573 6721
2574 5182
2576 7002
2577 5958
2578 8101
2579 6861
2580 5334
2581 9119
2582 6797
2583 5427
2584 5429
2585 6689
2586 7311
2588 5080
2590 9061
2591 6272
2592 5831
2593 7740
2594 6464
2595 8875
2596 6120
2597 7223
2599 6276
2600 9080
2601 8212
2602 5002
2603 5198
2604 7031
2605 9945
2606 7760
2607 9921
2609 8346
2610 9071
2611 5663
2612 8156
2613 6251
2615 6205
2616 6408
2617 6292
2618 5625
2619 5237
2620 5965
2621 8705
2623 8205
2624 8530
2625 7945
2626 5820
2627 6668
2630 8958
2631 9111
2632 6231
2633 8201
2634 5454
2635 7545
2636 9858
2639 7484
2640 6029
2641 6145
2642 7128
2644 9072
2645 5316
2649 8483
2650 8247
2651 6600
2652 7032
2653 5899
2654 5990
2655 5051
2656 8058
2657 6142
2658 9012
2659 8901
2660 8463
2662 7445
2663 7552
2664 9271
2666 9750
2667 7989
2668 6496
2669 9281
2670 6128
2671 6455
2672 8654
2675 5435
2676 5293
2678 6971
2679 8794
2681 8152
2682 6222
2684 6376
2686 7754
2687 9350
2688 5141
2690 9481
2691 6623
2692 5189
2693 9685
2695 6950
2697 9648
2698 9596
2699 7803
2700 9105
2702 7634
2703 5284
2705 9023
2708 7626
2709 9067
2710 6411
2711 6026
2712 8381
2714 8534
2715 5053
2716 7089
2717 9764
2718 7260
2720 6367
2721 9634
2723 8276
2724 6159
2725 8745
2726 6609
2728 7860
2729 5028
2730 8263
2731 8783
2733 7613
2736 9518
2737 6122
2738 7392
2741 9019
2742 9623
2744 6606
2745 6042
2746 6468
2747 5507
2748 5167
2749 6115
2751 9819
2752 9894
2755 9287
2757 6905
2758 7001
2759 7416
2760 6684
2763 6835
2764 6591
2765 5378
2766 9406
2767 5810
2768 5213
2769 6282
2772 6171
2773 9680
2774 6750
2775 5311
2776 6774
2777 6097
2779 9206
2780 9207
2781 8171
2782 8876
2783 6046
2784 9842
2785 5107
2786 6789
2788 9279
2789 5513
2791 7968
2792 7738
2793 6488
2794 8740
2795 5195
2797 8504
2798 8583
2799 7415
2800 8948
2801 8296
2802 8571
2805 9358
2807 5342
2808 5670
2811 7282
2812 7434
2813 8890
2814 9378
2815 8768
2816 8118
2817 5351
2818 6921
2819 8244
2820 5697
2821 6632
2822 7340
2823 9859
2824 7609
2826 5510
2828 6452
2829 9769
2832 8396
2833 8918
2834 9336
2836 7845
2837 8489
2838 5860
2839 7636
2840 8695
2841 6666
2842 9244
2845 7815
2846 8164
2847 5948
2848 9099
2850 5597
2851 5300
2852 5709
2853 9666
2855 8606
2857 8940
2858 5022
2859 8361
2860 7326
2861 8680
2862 7503
2863 8770
2864 7610
2866 9088
2867 6838
2868 5889
2869 8420
2870 5370
2871 5733
2872 8738
2873 5169
2874 8063
2875 7512
2876 7087
2877 7443
2878 6321
2879 9472
2880 9221
2881 8005
2883 5373
2884 6574
2886 9633
2887 5654
2890 6182
2892 6314
2893 6930
2894 9935
2896 8761
2898 8278
2899 7027
2900 7581
2901 7351
2904 9882
2905 5490
2906 5610
2907 5771
2908 8424
2910 6365
2911 9156
2913 8258
2914 8307
2915 9253
2916 9304
2917 6178
2918 6089
2919 6060
2920 7691
2921 8788
2922 6554
2923 8982
2924 9985
2926 7302
2930 6051
2931 5691
2932 7307
2933 9621
2934 9614
2935 5737
2936 9389
2937 6728
2938 7731
2939 9844
2940 9446
2941 6390
2943 6008
2944 9073
2945 5752
2946 8566
2947 9153
2948 7391
2949 8528
2950 7701
2951 9178
2952 9200
2953 9545
2955 7655
2957 7050
2958 9605
2959 6451
2961 8925
2962 9659
2963 6081
2964 8202
2966 9361
2967 9433
2969 6330
2970 8792
2971 9618
2972 6777
2974 5702
2975 5793
2976 6146
2978 7083
2979 7447
2980 7723
2981 8281
2982 9202
2983 6331
2984 9992
2985 5715
2988 8224
2989 9913
2991 5956
2992 9616
2993 7037
2996 8350
2998 6761
3000 5020
3002 5525
3003 5586
3004 6685
3005 8215
3006 9603
3007 9748
3009 6650
3010 7360
3011 8568
3012 5796
3014 8608
3015 5546
3016 7012
3018 7254
3019 9804
3020 9851
3021 8912
3022 8929
3023 9927
3024 9890
3025 6620
3026 8917
3027 6747
3029 9565
3031 5314
3032 9789
3033 9024
3034 8510
3035 7470
3036 5998
3037 6945
3038 5056
3039 8370
3040 6886
3041 6310
3043 6243
3044 9429
3045 8125
3046 7839
3049 5638
3051 5185
3052 5505
3053 8368
3055 5074
3056 5989
3058 9762
3059 9293
3060 8228
3061 8995
3062 7898
3063 8251
3065 5331
3066 7161
3067 6748
3068 6939
3069 6067
3070 7218
3071 9976
3072 9411
3074 6203
3076 5327
3080 8908
3081 6000
3082 9089
3083 6644
3084 8308
3085 9094
3086 7125
3088 8442
3089 8728
3090 7983
3091 7043
3092 5582
3093 8616
3094 8139
3095 7123
3096 8516
3097 5620
3098 5209
3099 9671
3100 9840
3101 6058
3103 5726
3104 6185
3105 8838
3106 6559
3107 5902
3108 7700
3109 5010
3110 6824
3111 7507
3112 6260
3113 9162
3114 6010
3116 5847
3117 5440
3118 5472
3119 9909
3120 9204
3121 9547
3124 6312
3125 5776
3126 7753
3128 9348
3129 5425
3130 6307
3133 9665
3134 5134
3135 8035
3136 7867
3137 9669
3138 6493
3140 8082
3142 8911
3143 8970
3144 5748
3145 8969
3148 9617
3149 7369
3150 8021
3152 9018
3153 7949
3155 5217
3158 5417
3160 7814
3162 7630
3163 7934
3167 5247
3168 6970
3169 6909
3170 9035
3171 9489
3176 6250
3177 5673
3178 7270
3180 5962
3181 7526
3182 9366
3183 9171
3184 6679
3185 6266
3186 7160
3188 9806
3189 8537
3190 5844
3191 6524
3192 6208
3193 5059
3194 5072
3195 6083
3197 6579
3198 7635
3199 5256
3201 6828
3202 7167
3203 6016
3205 8098
3208 9856
3210 6495
3211 7049
3212 7268
3213 9314
3214 10000
3215 6287
3216 9654
3217 5434
3218 8809
3220 9152
3222 8293
3223 5556
3224 7765
3225 8595
3226 6466
3227 5414
3229 5991
3230 8764
3232 9947
3233 6973
3234 5974
3235 5241
3237 5253
3238 9931
3239 7216
3240 9834
3242 7206
3243 7211
3244 6937
3245 5301
3246 8312
3247 7262
3248 5598
3249 9649
3250 9554
3251 6284
3252 5805
3253 7274
3254 5969
3255 9831
3257 5203
3259 6395
3260 6530
3261 6598
3262 8596
3264 9928
3265 8673
3267 7881
3268 7100
3270 7013
3271 6587
3272 8129
3275 5018
3276 6847
3277 9143
3278 6671
3280 7649
3281 8461
3283 8882
3285 6069
3286 9405
3287 7184
3288 8998
3289 8831
3290 7409
3292 6564
3293 6183
3294 6110
3295 6940
3296 5216
3298 8367
3299 9655
3301 7899
3303 5887
3305 8309
3306 6092
3307 9189
3308 8398
3309 9612
3310 9477
3311 8642
3313 9868
3314 5575
3316 9108
3317 7788
3318 8208
3320 5326
3321 9217
3322 5218
3323 8078
3324 6361
3326 7532
3328 7956
3329 9275
3330 7504
3332 8087
3333 6325
3334 7713
3335 6023
3336 9934
3337 5963
3338 7890
3339 8900
3340 8762
3342 7170
3343 7070
3344 5916
3345 6206
3346 8496
3347 6224
3349 6698
3350 8028
3351 8544
3352 8622
3353 7804
3354 8552
3355 6410
3358 8672
3359 6740
3360 7666
3361 5421
3364 7590
3365 7410
3367 5672
3370 6622
3371 6635
3373 7695
3375 8341
3376 9254
3377 7469
3380 6274
3381 8306
3383 8619
3384 9963
3387 6323
3388 7631
3391 9403
3394 8976
3395 8664
3396 5252
3397 9709
3398 5035
3399 7868
3400 7126
3402 7227
3403 7561
3404 6995
3405 8022
3407 9449
3408 6996
3409 7979
3411 8712
3412 8870
3413 5947
3415 8072
3416 6177
3417 5967
3418 9450
3419 9510
3420 9315
3421 7440
3422 9299
3423 5708
3424 6518
3425 7861
3426 7696
3427 9653
3428 5758
3429 8064
3431 8169
3432 7646
3436 5265
3437 9125
3439 9521
3440 8099
3441 7271
3442 5299
3443 6913
3444 6966
3446 5360
3453 5852
3454 8522
3455 8459
3456 7840
3457 6315
3458 8122
3460 5118
3461 8499
3462 9661
3464 5038
3465 8283
3467 9337
3468 7044
3469 6329
3470 7884
3471 8600
3472 6511
3473 8767
3474 7555
3475 5552
3476 9860
3477 6813
3478 6784
3480 9188
3481 5517
3482 6672
3483 6399
3485 7404
3486 8413
3488 6956
3489 8438
3490 9158
3492 7779
3493 5103
3494 6581
3498 5930
3499 9078
3500 7758
3502 7195
3503 5068
3504 7607
3505 5330
3506 6283
3507 7489
3511 5397
3512 8395
3513 9980
3514 8449
3515 7017
3517 9519
3518 6840
3519 6302
3521 8254
3522 8184
3524 8993
3525 7297
3526 5859
3527 6204
3529 7171
3530 8902
3531 6725
3532 6424
3533 6974
3535 5952
3536 5735
3537 7769
3539 8561
3540 6462
3541 9121
3542 9527
3545 6834
3546 8707
3547 5495
3548 7513
3549 8735
3550 7264
3552 8465
3554 9984
3555 7252
3556 7314
3558 7548
3559 7115
3561 9399
3562 8421
3563 8144
3565 9509
3566 7301
3567 8304
3568 7389
3570 7608
3571 7397
3572 6297
3573 6268
3575 9636
3576 5868
3577 6484
3578 8802
3579 5239
3580 9871
3583 8091
3584 8314
3585 6925
3587 8053
3589 8491
3591 7534
3592 7994
3593 9960
3594 6906
3595 9925
3596 8444
3597 5770
3598 8006
3600 5742
3601 9758
3604 9451
3605 7263
3606 9955
3607 7140
3609 9387
3610 7588
3613 8692
3614 5680
3615 5618
3616 9079
3620 9801
3621 8557
3622 5949
3623 5376
3624 6108
3626 9630
3627 5444
3629 8333
3630 6662
3631 7786
3633 5676
3634 8029
3635 6841
3636 8301
3637 8387
3638 7942
3639 5604
3640 8863
3643 8068
3645 8435
3646 5579
3647 7643
3648 5431
3649 5411
3650 6641
3651 6645
3652 9569
3653 8354
3654 7618
3655 6773
3657 9776
3658 8453
3659 5489
3661 8612
3662 7846
3663 6801
3664 8223
3665 8492
3666 6960
3668 7759
3669 5268
3670 6322
3672 7978
3673 9224
3674 7471
3675 8137
3676 5694
3677 7825
3679 8523
3680 9261
3681 8592
3682 6704
3683 7480
3684 5880
3685 9737
3686 7516
3687 9948
3688 8714
3689 5790
3690 6135
3693 6132
3694 6347
3695 5367
3696 7000
3697 9131
3698 5343
3699 8713
3701 7093
3702 9609
3704 8284
3707 9673
3708 9214
3709 5937
3710 5588
3712 5535
3713 6879
3714 8787
3715 5664
3716 7204
3717 8855
3718 6406
3719 8892
3720 8280
3721 8374
3722 5139
3723 6345
3725 8952
3727 5075
3729 5658
3730 5192
3732 8856
3733 8127
3734 5226
3735 7169
3736 9938
3739 6372
3740 5982
3742 5372
3743 7822
3745 6590
3746 7925
3747 7403
3748 8700
3749 5745
3750 7842
3751 8984
3752 9664
3753 7450
3754 6892
3756 7259
3757 7781
3759 5178
3761 8024
3762 9679
3763 7119
3764 5692
3766 8602
3767 5312
3768 6933
3770 8736
3771 6870
3774 9570
3775 9663
3779 8688
3781 8610
3782 8017
3783 9193
3784 8598
3785 6066
3786 8789
3789 9708
3790 6084
3791 9516
3793 5154
3794 7905
3796 8265
3797 5942
3799 5062
3800 8835
3801 7335
3802 9716
3804 7823
3808 8943
3810 5206
3815 7716
3816 9426
3817 7852
3818 6064
3819 9110
3823 7407
3825 5830
3826 8054
3828 8799
3829 6160
3830 8495
3831 9916
3832 9139
3833 7932
3834 8703
3835 9197
3836 5236
3837 9209
3838 5547
3839 6262
3840 8686
3841 6041
3842 9461
3843 5340
3845 9571
3846 6604
3847 6980
3848 7680
3849 8216
3850 8174
3851 8690
3853 8950
3855 5886
3857 8758
3858 6240
3860 9575
3861 7182
3862 6045
3864 8427
3865 8597
3867 9410
3868 5156
3869 6541
3870 7181
3871 7029
3872 7537
3873 8107
3874 5819
3875 5730
3876 8638
3877 6104
3878 6601
3879 5508
3880 7524
3882 9436
3883 9484
3884 9705
3885 7321
3886 7562
3890 9767
3891 6880
3892 8136
3893 8872
3894 8533
3895 7795
3897 7974
3898 7755
3899 6165
3900 5500
3903 8524
3905 9917
3906 7242
3909 8506
3910 5437
3914 6823
3915 5240
3916 6975
3917 6105
3918 7292
3919 6736
3920 8342
3921 9452
3922 6583
3923 8830
3925 9373
3927 9103
3928 6948
3929 5637
3930 5661
3931 8500
3932 7009
3933 8847
3936 8249
3937 6223
3938 8515
3939 7684
3940 7937
3942 8234
3946 6855
3947 7396
3948 5804
3951 7244
3952 8103
3953 8275
3954 5743
3955 6919
3959 9408
3963 7745
3964 8665
3965 6934
3966 6997
3967 9741
3968 8163
3970 5133
3971 7082
3973 6670
3974 9362
3975 5979
3976 7915
3977 9586
3978 7678
3979 5222
3980 7950
3983 8819
3984 6404
3985 8710
3986 8320
3987 9590
3988 5045
3989 5274
3990 5802
3991 5669
3992 6805
3993 9747
3994 7685
3995 6299
3996 6202
3997 9722
3998 7665
3999 6294
4000 8327
4001 9255
4003 7141
4004 7611
4006 8691
4008 9987
4009 5362
4011 7324
4013 9830
4014 8693
4016 6082
4018 7362
4019 7672
4020 6442
4021 5180
4022 7558
4023 6714
4025 7232
4026 6337
4028 6492
4029 7674
4031 8353
4032 8236
4033 5410
4036 7511
4037 9532
4038 5785
4041 7667
4042 7617
4043 8637
4044 7720
4045 9796
4047 9908
4048 9201
4049 7916
4050 8992
4051 9196
4052 8509
4053 5446
4054 5612
4056 6028
4058 7651
4059 5473
4061 5924
4062 5186
4064 8967
4065 8615
4067 8955
4068 6844
4070 9599
4071 9473
4072 5368
4073 8178
4076 9235
4077 5850
4078 5302
4079 7367
4080 5377
4082 7812
4083 8640
4084 7751
4085 8769
4086 8611
4088 9495
4089 9692
4090 6173
4092 9608
4094 5568
4095 5433
4096 6998
4097 7478
4098 6994
4099 7239
4100 9368
4101 7902
4103 6275
4104 6271
4105 5778
4106 9582
4107 8113
4108 7132
4109 5148
4111 9736
4114 8331
4116 6054
4117 7377
4118 7426
4119 5777
4120 6350
4121 6346
4122 7709
4124 6783
4126 6032
4127 5044
4128 5090
4129 5089
4130 9774
4131 9915
4132 7783
4134 5985
4137 9807
4139 9761
4142 5297
4145 6245
4146 8104
4147 8689
4148 7147
4150 8953
4151 5744
4153 7706
4154 8351
4155 7689
4156 5524
4157 8532
4158 7547
4159 7597
4161 7794
4162 9594
4163 7560
4164 9349
4165 8007
4166 5773
4170 9792
4172 6209
4173 8795
4175 7514
4176 5761
4178 9219
4179 9034
4180 6267
4181 9875
4183 5874
4184 6791
4185 9049
4186 5076
4187 7432
4188 6614
4190 6180
4193 6309
4194 6166
4196 8158
4197 6911
4200 6356
4202 6619
4205 7139
4206 8791
4207 6827
4208 7874
4209 6139
4211 6304
4213 7358
4214 6480
4215 5953
4216 7848
4217 9220
4218 7506
4221 7332
4222 9057
4224 7330
4225 6388
4229 7177
4230 7280
4231 5389
4233 5536
4234 8866
4236 8392
4238 7113
4239 5269
4240 7791
4241 9391
4242 8511
4243 6009
4245 8997
4246 6580
4247 5034
4248 8193
4250 9068
4251 5975
4252 6207
4253 9400
4254 5025
4255 5551
4256 8197
4257 6098
4258 9607
4259 9316
4261 5584
4263 8116
4264 9715
4265 8913
4266 5164
4269 9423
4270 9211
4271 7866
4274 5088
4275 7930
4276 8663
4277 9145
4280 9003
4283 7071
4285 6744
4287 5786
4289 9813
4291 5659
4292 9424
4293 5491
4294 8980
4295 8853
4296 5861
4297 9346
4298 5418
4299 5867
4300 9724
4301 6360
4302 8126
4303 5303
4304 5795
4305 5086
4306 7412
4307 6549
4308 7889
4310 9313
4311 5170
4314 6667
4315 9824
4316 6270
4317 7718
4319 9329
4320 7190
4322 7970
4323 6119
4324 5128
4325 8385
4326 7917
4328 8348
4329 5649
4330 9054
4333 6999
4334 6079
4335 8662
4336 6498
4337 5766
4338 8805
4339 8419
4340 9160
4341 5232
4342 5100
4343 5763
4344 7616
4345 9557
4346 6751
4347 5423
4348 6305
4349 9898
4350 8167
4352 5096
4353 9166
4354 8719
4356 9700
4359 8578
4361 5387
4364 8651
4368 7451
4370 6116
4372 7457
4373 7761
4374 8820
4375 5866
4376 8951
4377 6214
4378 9833
4380 8553
4381 5757
4382 5119
4383 5257
4384 7042
4385 8166
4386 6776
4387 8431
4388 5065
4390 5645
4391 9713
4393 5655
4394 7325
4395 5465
4398 8271
4399 8494
4400 5122
4402 7924
4404 9631
4405 5461
4407 6332
4408 5727
4409 7406
4410 6682
4411 5591
4412 9321
4413 8775
4414 5865
4416 6771
4417 6902
4420 6957
4421 5895
4422 7226
4426 9165
4427 5561
4428 5067
4429 6733
4430 7690
4431 9602
4432 8131
4433 6144
4436 9233
4437 9816
4440 9730
4441 8477
4442 8253
4443 6727
4444 5782
4445 9120
4446 7725
4449 8825
4450 6807
4451 7742
4452 8180
4453 9790
4454 6167
4455 5964
4456 9825
4458 7166
4459 6265
4460 7660
4461 7429
4462 8264
4464 8939
4465 8056
4467 8971
4470 6516
4471 8801
4472 8287
4476 7473
4477 5261
4478 8451
4479 9239
4480 6130
4483 7233
4485 5619
4486 7886
4487 7021
4489 8400
4490 5995
4491 7295
4492 7431
4493 6123
4494 8850
4496 9081
4497 9693
4499 5509
4500 5563
4501 8203
4502 9944
4503 5272
4504 7599
4505 9075
4506 6117
4507 8050
4508 8219
4510 5424
4511 7573
4512 7388
4514 5138
4515 6836
4516 5823
4517 7129
4519 5151
4520 6821
4521 9718
4523 6715
4524 7875
4525 5929
4526 5324
4527 8060
4528 5317
4529 7529
4530 7055
4533 5765
4535 7799
4536 9828
4537 9946
4538 5496
4539 8558
4540 6015
4543 6074
4544 8013
4546 7418
4547 7299
4549 9459
4550 5595
4551 5596
4552 6482
4553 7658
4554 6114
4555 7103
4556 5772
4557 8760
4558 9266
4559 7296
4560 8589
4561 5521
4564 9074
4566 5741
4569 9102
4571 9096
4572 5042
4573 9085
4574 9826
4575 5498
4576 8607
4577 5105
4578 9919
4579 7736
4580 6170
4581 6677
4582 9309
4584 8717
4585 5456
4586 8572
4587 8780
4588 9690
4590 6381
4591 9327
4592 6923
4593 6449
4594 6242
4595 5197
4596 6965
4597 6301
4598 9227
4599 7809
4600 5997
4602 5379
4603 7468
4604 5800
4606 5968
4607 8920
4608 9845
4611 8232
4612 7312
4613 5914
4614 7156
4616 9712
4617 7982
4618 8110
4620 7099
4622 7144
4623 6883
4624 7309
4626 5117
4627 7256
4630 8274
4632 6707
4633 7286
4634 8062
4635 7215
4636 9588
4637 8015
4638 7864
4641 7459
4642 9457
4643 9413
4647 8066
4648 8782
4649 6942
4650 9597
4651 6273
4652 5480
4653 7482
4656 8365
4657 5291
4658 8375
4660 5993
4662 6949
4663 5849
4664 6172
4665 7433
4666 6603
4667 9305
4668 5157
4669 9192
4670 6525
4671 7612
4672 7003
4673 9169
4674 5878
4675 7595
4678 9689
4679 7398
4680 7164
4682 7371
4683 7357
4684 9176
4685 8562
4687 8428
4688 9543
4689 7523
4690 7698
4692 7669
4693 9412
4694 7704
4695 8675
4697 9161
4699 8460
4701 5817
4702 9107
4703 6059
4705 9172
4706 6342
4707 7039
4708 8897
4709 8246
4710 6453
4712 6732
4718 7364
4719 9668
4721 6161
4725 8273
4726 7439
4728 8114
4729 9914
4730 5781
4732 8683
4733 8996
4734 6717
4735 5815
4736 7984
4737 9149
4739 9702
4740 6793
4741 6882
4742 7920
4744 8439
4745 6962
4747 6303
4748 7557
4749 6413
4751 8159
4752 5879
4754 6895
4755 6289
4757 8124
4759 9113
4762 9127
4763 6371
4764 7640
4765 5950
4766 6763
4767 5168
4769 9873
4771 9520
4773 7390
4774 6795
4775 8609
4777 7219
4780 7069
4781 8545
4787 7275
4788 8170
4790 7710
4791 5611
4792 5683
4794 8860
4795 6703
4797 9385
4799 6368
4800 7792
4801 6324
4802 5812
4803 7851
4804 6037
4805 5057
4806 9442
4808 6563
4810 8854
4811 7359
4814 7715
4815 7750
4816 5478
4817 8085
4819 6719
4821 9751
4822 8345
4826 8593
4827 8972
4828 6871
4829 5578
4830 8016
4831 5165
4834 9414
4835 9650
4836 9540
4837 9020
4839 8960
4840 9273
4841 7518
4842 7766
4845 6049
4847 7361
4848 7327
4852 9893
4853 8579
4854 9781
4856 8546
4857 5049
4858 9100
4860 8751
4861 7112
4862 6038
4863 8401
4866 5335
4867 9352
4868 5159
4869 7833
4871 8772
4873 9878
4874 6063
4877 7502
4878 7756
4879 7283
4880 6436
4881 7452
4882 9022
4883 9563
4884 9867
4885 9241
4886 5961
4887 7856
4890 7472
4891 6681
4892 7567
4893 7008
4896 9561
4897 9407
4898 7486
4901 5262
4903 7056
4905 9651
4906 7061
4907 9382
4909 5853
4911 9434
4912 9885
4916 5603
4917 9905
4918 7225
4922 6362
4923 5399
4925 5294
4928 9332
4929 8708
4930 5523
4931 5445
4932 7918
4933 5684
4934 7064
4935 6398
4937 8230
4938 7338
4939 7952
4940 8243
4941 6792
4942 6259
4944 8965
4946 6290
4947 8045
4948 6022
4949 9891
4951 9190
4956 8080
4958 8614
4960 9238
4961 7705
4964 9014
4965 9118
4966 6006
4968 5386
4969 6976
4970 7495
4971 8588
4972 9797
4974 8229
4975 9496
4976 5315
4978 8204
4980 6505
4981 5671
4982 9990
4983 8732
4985 8478
4986 7073
4987 7832
4991 6754
4995 9810
4996 7539
4997 7430
4999 6770
5000 8944
