1031 138 1477 1924 2371 2817 3264 3710 4156 4602 5048 5494 584 5940 6386 6832 16
1385 1832 2279 2725 3172 3618 4064 4510 46 492 4956 5402 5848 6294 6740 939 16
1015 122 1461 1908 2355 2801 3248 3694 4140 4586 5032 5478 568 5924 6370 6816 16
1098 1544 1991 205 2438 2884 3331 3777 4223 4669 5115 5561 6007 6453 651 6899 16
1367 1814 2261 2707 28 3154 3600 4046 4492 474 4938 5384 5830 6276 6722 921 16
1324 1770 2217 2664 3110 3557 4003 431 4449 4895 5341 5787 6233 6679 7125 877 16
1136 1582 2029 243 2476 2922 3369 3815 4261 4707 5153 5599 6045 6491 689 6937 16
0 1
1194 1640 2087 2534 2980 301 3427 3873 4319 4765 5211 5657 6103 6549 6995 747 16
1112 1558 2005 219 2452 2898 3345 3791 4237 4683 5129 5575 6021 6467 665 6913 16
1373 1820 2267 2713 3160 34 3606 4052 4498 480 4944 5390 5836 6282 6728 927 16
1120 1566 2013 227 2460 2906 3353 3799 4245 4691 5137 5583 6029 6475 673 6921 16
1290 1736 2183 2630 3076 3523 3969 397 4415 4861 5307 5753 6199 6645 7091 843 16
1258 1704 2151 2598 3044 3491 365 3937 4383 4829 5275 5721 6167 6613 7059 811 16
1308 1754 2201 2648 3094 3541 3987 415 4433 4879 5325 5771 6217 6663 7109 861 16
1406 1853 2300 2746 3193 3639 4085 4531 4977 513 5423 5869 6315 67 6761 960 16
1147 1357 1593 18 1804 2040 2251 2487 254 2697 2933 3144 3380 3590 3826 4036 4272 4482 464 4718 4928 5164 5374 5610 5820 6056 6266 6502 6712 6948 700 911 32
1002 109 1201 1448 1647 1895 2094 2342 2541 2788 2987 308 3235 3434 3681 3880 4127 4326 4573 4772 5019 5218 5465 555 5664 5911 6110 6357 6556 6803 7002 754 32
1131 1577 2024 238 2471 2917 3364 3810 4256 4702 5148 5594 6040 6486 684 6932 16
1109 1555 2002 216 2449 2895 3342 3788 4234 4680 5126 5572 6018 6464 662 6910 16
1409 1856 2303 2749 3196 3642 4088 4534 4980 516 5426 5872 6318 6764 70 963 16
1396 1843 2290 2736 3183 3629 4075 4521 4967 503 5413 57 5859 6305 6751 950 16
1026 133 1472 1919 2366 2812 3259 3705 4151 4597 5043 5489 579 5935 6381 6827 16
1189 1635 2082 2529 296 2975 3422 3868 4314 4760 5206 5652 6098 6544 6990 742 16
1332 1778 2225 2672 3118 3565 4011 439 4457 4903 5349 5795 6241 6687 7133 885 16
106 1445 1892 2339 2785 3232 3678 4124 4570 5016 5462 552 5908 6354 6800 999 16
1208 1654 2101 2548 2994 315 3441 3887 4333 4779 5225 5671 6117 6563 7009 761 16
1106 1552 1999 213 2446 2892 3339 3785 4231 4677 5123 5569 6015 6461 659 6907 16
1234 1680 2127 2574 3020 341 3467 3913 4359 4805 5251 5697 6143 6589 7035 787 16
1061 1507 168 1954 2401 2847 3294 3740 4186 4632 5078 5524 5970 614 6416 6862 16
1211 1657 2104 2551 2997 318 3444 3890 4336 4782 5228 5674 6120 6566 7012 764 16
1329 1775 2222 2669 3115 3562 4008 436 4454 4900 5346 5792 6238 6684 7130 882 16
1153 1170 1287 1599 1616 1733 2046 2063 2180 2493 2510 260 2627 277 2939 2956 3073 3386 3403 3520 3832 3849 394 3966 4278 4295 4412 4724 4741 4858 5170 5187 5304 5616 5633 5750 6062 6079 6196 6508 6525 6642 6954 6971 706 7088 723 840 48
1424 1871 2318 2764 3211 3657 4103 4549 4995 531 5441 5887 6333 6779 85 978 16
12 1351 1798 2245 2691 3138 3584 4030 4476 458 4922 5368 5814 6260 6706 905 16
1141 1587 2034 248 2481 2927 3374 3820 4266 4712 5158 5604 6050 6496 694 6942 16
1438 1885 2332 2778 3225 3671 4117 4563 5009 545 5455 5901 6347 6793 99 992 16
1082 1528 189 1975 2422 2868 3315 3761 4207 4653 5099 5545 5991 635 6437 6883 16
1336 1782 2229 2676 3122 3569 4015 443 4461 4907 5353 5799 6245 6691 7137 889 16
1345 1792 2239 2685 3132 3578 4024 4470 452 4916 5362 5808 6 6254 6700 899 16
1009 116 1455 1902 2349 2795 3242 3688 4134 4580 5026 5472 562 5918 6364 6810 16
1034 141 1480 1927 2374 2820 3267 3713 4159 4605 5051 5497 587 5943 6389 6835 16
1317 1763 2210 2657 3103 3550 3996 424 4442 4888 5334 5780 6226 6672 7118 870 16
1090 1536 197 1983 2430 2876 3323 3769 4215 4661 5107 5553 5999 643 6445 6891 16
1268 1714 2161 2608 3054 3501 375 3947 4393 4839 5285 5731 6177 6623 7069 821 16
1053 1499 160 1946 2393 2839 3286 3732 4178 4624 5070 5516 5962 606 6408 6854 16
1218 1664 2111 2558 3004 325 3451 3897 4343 4789 5235 5681 6127 6573 7019 771 16
1249 1695 2142 2589 3035 3482 356 3928 4374 4820 5266 5712 6158 6604 7050 802 16
1300 1746 2193 2640 3086 3533 3979 407 4425 4871 5317 5763 6209 6655 7101 853 16
1224 1670 2117 2564 3010 331 3457 3903 4349 4795 5241 5687 6133 6579 7025 777 16
1272 1718 2165 2612 3058 3505 379 3951 4397 4843 5289 5735 6181 6627 7073 825 16
1296 1742 2189 2636 3082 3529 3975 403 4421 4867 5313 5759 6205 6651 7097 849 16
1048 1494 155 1941 2388 2834 3281 3727 4173 4619 5065 5511 5957 601 6403 6849 16
1156 1602 2049 2496 263 2942 3389 3835 4281 4727 5173 5619 6065 6511 6957 709 16
1402 1849 2296 2742 3189 3635 4081 4527 4973 509 5419 5865 63 6311 6757 956 16
1244 1690 2137 2584 3030 3477 351 3923 4369 4815 5261 5707 6153 6599 7045 797 16
1363 1810 2257 24 2703 3150 3596 4042 4488 470 4934 5380 5826 6272 6718 917 16
1282 1728 2175 2622 3068 3515 389 3961 4407 4853 5299 5745 6191 6637 7083 835 16
1417 1864 2311 2757 3204 3650 4096 4542 4988 524 5434 5880 6326 6772 78 971 16
1074 1520 181 1967 2414 2860 3307 3753 4199 4645 5091 5537 5983 627 6429 6875 16
1023 1095 130 1435 1469 1541 1882 1916 1988 202 2329 2363 2435 2775 2809 2881 3222 3256 3328 3668 3702 3774 4114 4148 4220 4560 4594 4666 5006 5040 5112 542 5452 5486 5558 576 5898 5932 6004 6344 6378 6450 648 6790 6824 6896 96 989 48
1183 1629 2076 2523 290 2969 3416 3862 4308 4754 5200 5646 6092 6538 6984 736 16
1040 147 1486 1933 2380 2826 3273 3719 4165 4611 5057 5503 593 5949 6395 6841 16
1173 1619 2066 2513 280 2959 3406 3852 4298 4744 5190 5636 6082 6528 6974 726 16
